1234567890
0.005858626780216802
1000
0.005858626780216802
2000
3000
0.005858626780216802
4000
0.005858626780216802
5000
0.005858626780216802
0.005858626780216802
6000
7000
0.005858626780216802
0.005858626780216802
8000
0.005858626780216802
9000
0.005858626780216802
10000
11000
0.005858626780216802
0.005858626780216802
12000
13000
0.005858626780216802
0.005858626780216802
14000
0.005858626780216802
15000
0.005858626780216802
16000
17000
0.005858626780216802
0.005858626780216802
18000
0.005858626780216802
19000
0.005858626780216802
20000
21000
0.005858626780216802
0.005858626780216802
22000
0.005858626780216802
23000
0.005858626780216802
24000
25000
0.005858626780216802
0.005858626780216802
26000
0.005858626780216802
27000
0.005858626780216802
28000
0.005858626780216802
29000
0.005858626780216802
30000
0.005858626780216802
31000
0.005858626780216802
32000
0.005858626780216802
33000
0.005858626780216802
34000
0.005858626780216802
35000
0.005858626780216802
36000
0.005858626780216802
37000
0.005858626780216802
38000
0.005858626780216802
39000
0.005858626780216802
40000
0.005858626780216802
41000
0.005858626780216802
42000
0.005858626780216802
43000
0.005858626780216802
44000
0.005858626780216802
45000
0.005858626780216802
46000
47000
0.005858626780216802
0.005858626780216802
48000
0.005858626780216802
49000
50000
0.005858626780216802
0.005858626780216802
51000
0.005858626780216802
52000
0.005858626780216802
53000
0.005858626780216802
54000
55000
0.005858626780216802
0.005858626780216802
56000
0.005858626780216802
57000
0.005858626780216802
58000
59000
0.005858626780216802
0.005858626780216802
60000
61000
0.005858626780216802
0.005858626780216802
62000
0.005858626780216802
63000
0.005858626780216802
64000
0.005858626780216802
65000
0.005858626780216802
66000
0.005858626780216802
67000
0.005858626780216802
68000
0.005858626780216802
69000
0.005858626780216802
70000
71000
0.005858626780216802
0.005858626780216802
72000
0.005858626780216802
73000
74000
0.005858626780216802
0.005858626780216802
75000
0.005858626780216802
76000
0.005858626780216802
77000
0.005858626780216802
78000
0.005858626780216802
79000
0.005858626780216802
80000
0.005858626780216802
81000
0.005858626780216802
82000
0.005858626780216802
83000
0.005858626780216802
84000
0.005858626780216802
85000
0.005858626780216802
86000
0.005858626780216802
87000
88000
0.005858626780216802
0.005858626780216802
89000
0.005858626780216802
90000
91000
0.005858626780216802
0.005858626780216802
92000
0.005858626780216802
93000
0.005858626780216802
94000
0.005858626780216802
95000
0.005858626780216802
96000
0.005858626780216802
97000
0.005858626780216802
98000
0.005858626780216802
99000
100000
0.005858626780216802
0.005858626780216802
101000
102000
0.005858626780216802
0.005858626780216802
103000
0.005858626780216802
104000
0.005858626780216802
105000
0.005858626780216802
106000
0.005858626780216802
107000
108000
0.005858626780216802
0.005858626780216802
109000
0.005858626780216802
110000
0.005858626780216802
111000
112000
0.005858626780216802
0.005858626780216802
113000
0.005858626780216802
114000
115000
0.005858626780216802
116000
0.005858626780216802
0.005858626780216802
117000
0.005858626780216802
118000
0.005858626780216802
119000
0.005858626780216802
120000
0.005858626780216802
121000
0.005858626780216802
122000
0.005858626780216802
123000
0.005858626780216802
124000
125000
0.005858626780216802
0.005858626780216802
126000
0.005858626780216802
127000
128000
0.005858626780216802
0.005858626780216802
129000
0.005858626780216802
130000
0.005858626780216802
131000
0.005858626780216802
132000
0.005858626780216802
133000
0.005858626780216802
134000
0.005858626780216802
135000
0.005858626780216802
136000
0.005858626780216802
137000
0.005858626780216802
138000
0.005858626780216802
139000
0.005858626780216802
140000
141000
0.005858626780216802
142000
0.005858626780216802
0.005858626780216802
143000
0.005858626780216802
144000
0.005858626780216802
145000
0.005858626780216802
146000
0.005858626780216802
147000
0.005858626780216802
148000
0.005858626780216802
149000
0.005858626780216802
150000
0.005858626780216802
151000
0.005858626780216802
152000
0.005858626780216802
153000
154000
0.005858626780216802
155000
0.005858626780216802
0.005858626780216802
156000
0.005858626780216802
157000
0.005858626780216802
158000
0.005858626780216802
159000
0.005858626780216802
160000
161000
0.005858626780216802
0.005858626780216802
162000
163000
0.005858626780216802
0.005858626780216802
164000
0.005858626780216802
165000
0.005858626780216802
166000
0.005858626780216802
167000
168000
0.005858626780216802
0.005858626780216802
169000
0.005858626780216802
170000
0.005858626780216802
171000
0.005858626780216802
172000
0.005858626780216802
173000
0.005858626780216802
174000
0.005858626780216802
175000
0.005858626780216802
176000
0.005858626780216802
177000
0.005858626780216802
178000
0.005858626780216802
179000
180000
0.005858626780216802
0.005858626780216802
181000
0.005858626780216802
182000
0.005858626780216802
183000
0.005858626780216802
184000
0.005858626780216802
185000
0.005858626780216802
186000
0.005858626780216802
187000
0.005858626780216802
188000
0.005858626780216802
189000
190000
0.005858626780216802
0.005858626780216802
191000
0.005858626780216802
192000
0.005858626780216802
193000
194000
0.005858626780216802
0.005858626780216802
195000
0.005858626780216802
196000
0.005858626780216802
197000
0.005858626780216802
198000
0.005858626780216802
199000
200000
0.005858626780216802
201000
0.005858626780216802
202000
0.005858626780216802
0.005858626780216802
203000
0.005858626780216802
204000
0.005858626780216802
205000
0.005858626780216802
206000
0.005858626780216802
207000
208000
0.005858626780216802
209000
0.005858626780216802
210000
0.005858626780216802
0.005858626780216802
211000
0.005858626780216802
212000
0.005858626780216802
213000
214000
0.005858626780216802
0.005858626780216802
215000
216000
0.005858626780216802
0.005858626780216802
217000
0.005858626780216802
218000
0.005858626780216802
219000
0.005858626780216802
220000
221000
0.005858626780216802
0.005858626780216802
222000
223000
0.005858626780216802
0.005858626780216802
224000
0.005858626780216802
225000
0.005858626780216802
226000
227000
0.005858626780216802
0.005858626780216802
228000
0.005858626780216802
229000
0.005858626780216802
230000
0.005858626780216802
231000
0.005858626780216802
232000
233000
0.005858626780216802
0.005858626780216802
234000
0.005858626780216802
235000
0.005858626780216802
236000
0.005858626780216802
237000
238000
0.005858626780216802
0.005858626780216802
239000
0.005858626780216802
240000
241000
0.005858626780216802
0.005858626780216802
242000
243000
0.005858626780216802
0.005858626780216802
244000
0.005858626780216802
245000
0.005858626780216802
246000
0.005858626780216802
247000
0.005858626780216802
248000
0.005858626780216802
249000
250000
0.005858626780216802
0.005858626780216802
251000
0.005858626780216802
252000
253000
0.005858626780216802
0.005858626780216802
254000
0.005858626780216802
255000
0.005858626780216802
256000
0.005858626780216802
257000
258000
0.005858626780216802
0.005858626780216802
259000
260000
0.005858626780216802
0.005858626780216802
261000
262000
0.005858626780216802
0.005858626780216802
263000
0.005858626780216802
264000
265000
0.005858626780216802
0.005858626780216802
266000
267000
0.005858626780216802
0.005858626780216802
268000
0.005858626780216802
269000
0.005858626780216802
270000
0.005858626780216802
271000
0.005858626780216802
272000
273000
0.005858626780216802
0.005858626780216802
274000
0.005858626780216802
275000
0.005858626780216802
276000
0.005858626780216802
277000
0.005858626780216802
278000
0.005858626780216802
279000
280000
0.005858626780216802
0.005858626780216802
281000
0.005858626780216802
282000
0.005858626780216802
283000
0.005858626780216802
284000
285000
0.005858626780216802
286000
0.005858626780216802
0.005858626780216802
287000
0.005858626780216802
288000
0.005858626780216802
289000
290000
0.005858626780216802
0.005858626780216802
291000
292000
0.005858626780216802
0.005858626780216802
293000
0.005858626780216802
294000
0.005858626780216802
295000
296000
0.005858626780216802
297000
0.005858626780216802
0.005858626780216802
298000
0.005858626780216802
299000
299000
0.005858626780216802
