1234567890
0.009843171223705238
1000
0.009843171223705238
2000
0.009843171223705238
3000
0.009843171223705238
4000
0.009843171223705238
5000
0.009843171223705238
6000
0.009843171223705238
7000
0.009843171223705238
8000
0.009843171223705238
9000
0.009843171223705238
10000
11000
0.009843171223705238
12000
0.009843171223705238
0.009843171223705238
13000
0.009843171223705238
14000
15000
0.009843171223705238
0.009843171223705238
16000
0.009843171223705238
17000
0.009843171223705238
18000
0.009843171223705238
19000
20000
0.009843171223705238
0.009843171223705238
21000
22000
0.009843171223705238
0.009843171223705238
23000
0.009843171223705238
24000
25000
0.009843171223705238
0.009843171223705238
26000
0.009843171223705238
27000
28000
0.009843171223705238
0.009843171223705238
29000
0.009843171223705238
30000
31000
0.009843171223705238
0.009843171223705238
32000
0.009843171223705238
33000
0.009843171223705238
34000
0.009843171223705238
35000
0.009843171223705238
36000
0.009843171223705238
37000
0.009843171223705238
38000
0.009843171223705238
39000
0.009843171223705238
40000
0.009843171223705238
41000
0.009843171223705238
42000
0.009843171223705238
43000
0.009843171223705238
44000
0.009843171223705238
45000
0.009843171223705238
46000
0.009843171223705238
47000
48000
0.009843171223705238
49000
0.009843171223705238
0.009843171223705238
50000
0.009843171223705238
51000
0.009843171223705238
52000
53000
0.009843171223705238
54000
0.009843171223705238
0.009843171223705238
55000
0.009843171223705238
56000
0.009843171223705238
57000
0.009843171223705238
58000
59000
0.009843171223705238
0.009843171223705238
60000
0.009843171223705238
61000
62000
0.009843171223705238
0.009843171223705238
63000
64000
0.009843171223705238
65000
0.009843171223705238
0.009843171223705238
66000
67000
0.009843171223705238
0.009843171223705238
68000
69000
0.009843171223705238
0.009843171223705238
70000
0.009843171223705238
71000
72000
0.009843171223705238
0.009843171223705238
73000
0.009843171223705238
74000
75000
0.009843171223705238
76000
0.009843171223705238
0.009843171223705238
77000
0.009843171223705238
78000
79000
0.009843171223705238
0.009843171223705238
80000
0.009843171223705238
81000
82000
0.009843171223705238
0.009843171223705238
83000
0.009843171223705238
84000
0.009843171223705238
85000
0.009843171223705238
86000
0.009843171223705238
87000
0.009843171223705238
88000
0.009843171223705238
89000
0.009843171223705238
90000
0.009843171223705238
91000
0.009843171223705238
92000
93000
0.009843171223705238
0.009843171223705238
94000
0.009843171223705238
95000
96000
0.009843171223705238
97000
0.009843171223705238
0.009843171223705238
98000
99000
0.009843171223705238
0.009843171223705238
100000
101000
0.009843171223705238
0.009843171223705238
102000
103000
0.009843171223705238
0.009843171223705238
104000
105000
0.009843171223705238
106000
0.009843171223705238
0.009843171223705238
107000
108000
0.009843171223705238
0.009843171223705238
109000
0.009843171223705238
110000
111000
0.009843171223705238
112000
0.009843171223705238
113000
0.009843171223705238
114000
0.009843171223705238
0.009843171223705238
115000
116000
0.009843171223705238
0.009843171223705238
117000
118000
0.009843171223705238
0.009843171223705238
119000
120000
0.009843171223705238
0.009843171223705238
121000
122000
0.009843171223705238
0.009843171223705238
123000
124000
0.009843171223705238
125000
0.009843171223705238
126000
0.009843171223705238
0.009843171223705238
127000
128000
0.009843171223705238
0.009843171223705238
129000
0.009843171223705238
130000
0.009843171223705238
131000
0.009843171223705238
132000
133000
0.009843171223705238
0.009843171223705238
134000
0.009843171223705238
135000
0.009843171223705238
136000
0.009843171223705238
137000
138000
0.009843171223705238
0.009843171223705238
139000
140000
0.009843171223705238
0.009843171223705238
141000
0.009843171223705238
142000
0.009843171223705238
143000
144000
0.009843171223705238
145000
0.009843171223705238
0.009843171223705238
146000
0.009843171223705238
147000
0.009843171223705238
148000
149000
0.009843171223705238
150000
0.009843171223705238
0.009843171223705238
151000
0.009843171223705238
152000
153000
0.009843171223705238
0.009843171223705238
154000
0.009843171223705238
155000
156000
0.009843171223705238
157000
0.009843171223705238
0.009843171223705238
158000
0.009843171223705238
159000
160000
0.009843171223705238
161000
0.009843171223705238
162000
0.009843171223705238
163000
0.009843171223705238
0.009843171223705238
164000
0.009843171223705238
165000
0.009843171223705238
166000
0.009843171223705238
167000
168000
0.009843171223705238
169000
0.009843171223705238
0.009843171223705238
170000
0.009843171223705238
171000
0.009843171223705238
172000
0.009843171223705238
173000
174000
0.009843171223705238
0.009843171223705238
175000
0.009843171223705238
176000
0.009843171223705238
177000
178000
0.009843171223705238
0.009843171223705238
179000
180000
0.009843171223705238
0.009843171223705238
181000
182000
0.009843171223705238
0.009843171223705238
183000
0.009843171223705238
184000
0.009843171223705238
185000
0.009843171223705238
186000
187000
0.009843171223705238
0.009843171223705238
188000
0.009843171223705238
189000
190000
0.009843171223705238
191000
0.009843171223705238
0.009843171223705238
192000
193000
0.009843171223705238
0.009843171223705238
194000
0.009843171223705238
195000
0.009843171223705238
196000
0.009843171223705238
197000
0.009843171223705238
198000
0.009843171223705238
199000
200000
0.009843171223705238
201000
0.009843171223705238
0.009843171223705238
202000
0.009843171223705238
203000
204000
0.009843171223705238
0.009843171223705238
205000
0.009843171223705238
206000
207000
0.009843171223705238
0.009843171223705238
208000
0.009843171223705238
209000
210000
0.009843171223705238
0.009843171223705238
211000
212000
0.009843171223705238
213000
0.009843171223705238
214000
0.009843171223705238
215000
0.009843171223705238
216000
0.009843171223705238
0.009843171223705238
217000
218000
0.009843171223705238
0.009843171223705238
219000
0.009843171223705238
220000
0.009843171223705238
221000
0.009843171223705238
222000
223000
0.009843171223705238
224000
0.009843171223705238
225000
0.009843171223705238
0.009843171223705238
226000
227000
0.009843171223705238
228000
0.009843171223705238
229000
0.009843171223705238
0.009843171223705238
230000
231000
0.009843171223705238
232000
0.009843171223705238
233000
0.009843171223705238
0.009843171223705238
234000
0.009843171223705238
235000
0.009843171223705238
236000
237000
0.009843171223705238
238000
0.009843171223705238
0.009843171223705238
239000
240000
0.009843171223705238
0.009843171223705238
241000
242000
0.009843171223705238
243000
0.009843171223705238
0.009843171223705238
244000
0.009843171223705238
245000
246000
0.009843171223705238
247000
0.009843171223705238
0.009843171223705238
248000
0.009843171223705238
249000
250000
0.009843171223705238
0.009843171223705238
251000
0.009843171223705238
252000
0.009843171223705238
253000
254000
0.009843171223705238
0.009843171223705238
255000
0.009843171223705238
256000
0.009843171223705238
257000
258000
0.009843171223705238
259000
0.009843171223705238
0.009843171223705238
260000
0.009843171223705238
261000
0.009843171223705238
262000
263000
0.009843171223705238
264000
0.009843171223705238
0.009843171223705238
265000
266000
0.009843171223705238
267000
0.009843171223705238
0.009843171223705238
268000
0.009843171223705238
269000
270000
0.009843171223705238
0.009843171223705238
271000
272000
0.009843171223705238
273000
0.009843171223705238
0.009843171223705238
274000
275000
0.009843171223705238
276000
0.009843171223705238
0.009843171223705238
277000
0.009843171223705238
278000
279000
0.009843171223705238
280000
0.009843171223705238
281000
0.009843171223705238
0.009843171223705238
282000
0.009843171223705238
283000
284000
0.009843171223705238
285000
0.009843171223705238
286000
0.009843171223705238
287000
0.009843171223705238
288000
0.009843171223705238
289000
0.009843171223705238
0.009843171223705238
290000
291000
0.009843171223705238
0.009843171223705238
292000
0.009843171223705238
293000
0.009843171223705238
294000
295000
0.009843171223705238
0.009843171223705238
296000
0.009843171223705238
297000
0.009843171223705238
298000
0.009843171223705238
299000
0.009843171223705238
299000
