1234567890
2.680868086808681
1000
2.680868086808681
2000
2.680868086808681
3000
2.680868086808681
4000
2.680868086808681
5000
2.680868086808681
6000
2.680868086808681
7000
2.680868086808681
8000
2.680868086808681
9000
10000
2.680868086808681
2.680868086808681
11000
2.680868086808681
12000
2.680868086808681
13000
2.680868086808681
14000
2.680868086808681
15000
2.680868086808681
16000
2.680868086808681
17000
2.680868086808681
18000
2.680868086808681
19000
2.680868086808681
20000
2.680868086808681
21000
2.680868086808681
22000
2.680868086808681
23000
2.680868086808681
24000
2.680868086808681
25000
2.680868086808681
26000
2.680868086808681
27000
2.680868086808681
28000
2.680868086808681
29000
2.680868086808681
30000
2.680868086808681
31000
32000
2.680868086808681
2.680868086808681
33000
2.680868086808681
34000
2.680868086808681
35000
2.680868086808681
36000
2.680868086808681
37000
2.680868086808681
38000
2.680868086808681
39000
2.680868086808681
40000
2.680868086808681
41000
2.680868086808681
42000
2.680868086808681
43000
2.680868086808681
44000
2.680868086808681
45000
2.680868086808681
46000
2.680868086808681
47000
48000
2.680868086808681
49000
2.680868086808681
2.680868086808681
50000
2.680868086808681
51000
2.680868086808681
52000
2.680868086808681
53000
54000
2.680868086808681
2.680868086808681
55000
2.680868086808681
56000
2.680868086808681
57000
2.680868086808681
58000
2.680868086808681
59000
2.680868086808681
60000
2.680868086808681
61000
2.680868086808681
62000
2.680868086808681
63000
2.680868086808681
64000
2.680868086808681
65000
2.680868086808681
66000
2.680868086808681
67000
2.680868086808681
68000
2.680868086808681
69000
2.680868086808681
70000
2.680868086808681
71000
2.680868086808681
72000
2.680868086808681
73000
2.680868086808681
74000
2.680868086808681
75000
76000
2.680868086808681
2.680868086808681
77000
2.680868086808681
78000
2.680868086808681
79000
2.680868086808681
80000
2.680868086808681
81000
2.680868086808681
82000
2.680868086808681
83000
2.680868086808681
84000
2.680868086808681
85000
2.680868086808681
86000
2.680868086808681
87000
2.680868086808681
88000
2.680868086808681
89000
2.680868086808681
90000
2.680868086808681
91000
2.680868086808681
92000
2.680868086808681
93000
2.680868086808681
94000
2.680868086808681
95000
2.680868086808681
96000
2.680868086808681
97000
2.680868086808681
98000
2.680868086808681
99000
2.680868086808681
100000
2.680868086808681
101000
2.680868086808681
102000
2.680868086808681
103000
2.680868086808681
104000
2.680868086808681
105000
2.680868086808681
106000
2.680868086808681
107000
2.680868086808681
108000
2.680868086808681
109000
2.680868086808681
110000
111000
2.680868086808681
2.680868086808681
112000
2.680868086808681
113000
2.680868086808681
114000
2.680868086808681
115000
2.680868086808681
116000
2.680868086808681
117000
2.680868086808681
118000
2.680868086808681
119000
2.680868086808681
120000
2.680868086808681
121000
2.680868086808681
122000
2.680868086808681
123000
2.680868086808681
124000
2.680868086808681
125000
2.680868086808681
126000
2.680868086808681
127000
2.680868086808681
128000
2.680868086808681
129000
2.680868086808681
130000
2.680868086808681
131000
2.680868086808681
132000
2.680868086808681
133000
2.680868086808681
134000
2.680868086808681
135000
2.680868086808681
136000
2.680868086808681
137000
2.680868086808681
138000
2.680868086808681
139000
2.680868086808681
140000
2.680868086808681
141000
2.680868086808681
142000
2.680868086808681
143000
2.680868086808681
144000
145000
2.680868086808681
2.680868086808681
146000
147000
2.680868086808681
148000
2.680868086808681
149000
2.680868086808681
2.680868086808681
150000
2.680868086808681
151000
152000
2.680868086808681
153000
2.680868086808681
2.680868086808681
154000
2.680868086808681
155000
2.680868086808681
156000
157000
2.680868086808681
2.680868086808681
158000
2.680868086808681
159000
2.680868086808681
160000
2.680868086808681
161000
2.680868086808681
162000
2.680868086808681
163000
2.680868086808681
164000
165000
2.680868086808681
166000
2.680868086808681
2.680868086808681
167000
2.680868086808681
168000
2.680868086808681
169000
2.680868086808681
170000
2.680868086808681
171000
2.680868086808681
172000
2.680868086808681
173000
2.680868086808681
174000
2.680868086808681
175000
2.680868086808681
176000
2.680868086808681
177000
178000
2.680868086808681
2.680868086808681
179000
2.680868086808681
180000
2.680868086808681
181000
2.680868086808681
182000
2.680868086808681
183000
184000
2.680868086808681
2.680868086808681
185000
2.680868086808681
186000
2.680868086808681
187000
188000
2.680868086808681
2.680868086808681
189000
2.680868086808681
190000
2.680868086808681
191000
2.680868086808681
192000
2.680868086808681
193000
2.680868086808681
194000
195000
2.680868086808681
2.680868086808681
196000
2.680868086808681
197000
2.680868086808681
198000
2.680868086808681
199000
2.680868086808681
200000
2.680868086808681
201000
2.680868086808681
202000
2.680868086808681
203000
2.680868086808681
204000
2.680868086808681
205000
2.680868086808681
206000
2.680868086808681
207000
2.680868086808681
208000
2.680868086808681
209000
2.680868086808681
210000
2.680868086808681
211000
2.680868086808681
212000
2.680868086808681
213000
2.680868086808681
214000
2.680868086808681
215000
2.680868086808681
216000
2.680868086808681
217000
2.680868086808681
218000
2.680868086808681
219000
2.680868086808681
220000
2.680868086808681
221000
222000
2.680868086808681
2.680868086808681
223000
2.680868086808681
224000
2.680868086808681
225000
2.680868086808681
226000
2.680868086808681
227000
2.680868086808681
228000
2.680868086808681
229000
2.680868086808681
230000
2.680868086808681
231000
2.680868086808681
232000
233000
2.680868086808681
2.680868086808681
234000
2.680868086808681
235000
2.680868086808681
236000
2.680868086808681
237000
2.680868086808681
238000
2.680868086808681
239000
2.680868086808681
240000
241000
2.680868086808681
2.680868086808681
242000
2.680868086808681
243000
2.680868086808681
244000
2.680868086808681
245000
246000
2.680868086808681
2.680868086808681
247000
2.680868086808681
248000
2.680868086808681
249000
250000
2.680868086808681
251000
2.680868086808681
2.680868086808681
252000
253000
2.680868086808681
2.680868086808681
254000
2.680868086808681
255000
2.680868086808681
256000
2.680868086808681
257000
2.680868086808681
258000
259000
2.680868086808681
260000
2.680868086808681
2.680868086808681
261000
262000
2.680868086808681
2.680868086808681
263000
2.680868086808681
264000
2.680868086808681
265000
266000
2.680868086808681
2.680868086808681
267000
268000
2.680868086808681
2.680868086808681
269000
270000
2.680868086808681
271000
2.680868086808681
2.680868086808681
272000
2.680868086808681
273000
2.680868086808681
274000
275000
2.680868086808681
276000
2.680868086808681
2.680868086808681
277000
2.680868086808681
278000
2.680868086808681
279000
2.680868086808681
280000
2.680868086808681
281000
282000
2.680868086808681
283000
2.680868086808681
2.680868086808681
284000
2.680868086808681
285000
2.680868086808681
286000
287000
2.680868086808681
288000
2.680868086808681
2.680868086808681
289000
2.680868086808681
290000
291000
2.680868086808681
292000
2.680868086808681
2.680868086808681
293000
294000
2.680868086808681
2.680868086808681
295000
2.680868086808681
296000
2.680868086808681
297000
298000
2.680868086808681
299000
2.680868086808681
2.680868086808681
299000
