1234567890
2.3608460846084607
1000
2.3608460846084607
2000
2.3608460846084607
3000
2.3608460846084607
4000
2.3608460846084607
5000
2.3608460846084607
6000
2.3608460846084607
7000
2.3608460846084607
8000
2.3608460846084607
9000
10000
2.3608460846084607
11000
2.3608460846084607
2.3608460846084607
12000
13000
2.3608460846084607
2.3608460846084607
14000
2.3608460846084607
15000
2.3608460846084607
16000
17000
2.3608460846084607
2.3608460846084607
18000
19000
2.3608460846084607
2.3608460846084607
20000
2.3608460846084607
21000
2.3608460846084607
22000
2.3608460846084607
23000
2.3608460846084607
24000
2.3608460846084607
25000
2.3608460846084607
26000
2.3608460846084607
27000
28000
2.3608460846084607
2.3608460846084607
29000
2.3608460846084607
30000
2.3608460846084607
31000
2.3608460846084607
32000
2.3608460846084607
33000
34000
2.3608460846084607
35000
2.3608460846084607
36000
2.3608460846084607
37000
2.3608460846084607
2.3608460846084607
38000
39000
2.3608460846084607
2.3608460846084607
40000
2.3608460846084607
41000
2.3608460846084607
42000
2.3608460846084607
43000
2.3608460846084607
44000
2.3608460846084607
45000
2.3608460846084607
46000
2.3608460846084607
47000
2.3608460846084607
48000
2.3608460846084607
49000
2.3608460846084607
50000
2.3608460846084607
51000
2.3608460846084607
52000
2.3608460846084607
53000
2.3608460846084607
54000
2.3608460846084607
55000
2.3608460846084607
56000
2.3608460846084607
57000
2.3608460846084607
58000
2.3608460846084607
59000
60000
2.3608460846084607
2.3608460846084607
61000
2.3608460846084607
62000
63000
2.3608460846084607
2.3608460846084607
64000
65000
2.3608460846084607
66000
2.3608460846084607
2.3608460846084607
67000
2.3608460846084607
68000
2.3608460846084607
69000
2.3608460846084607
70000
2.3608460846084607
71000
2.3608460846084607
72000
2.3608460846084607
73000
2.3608460846084607
74000
2.3608460846084607
75000
2.3608460846084607
76000
2.3608460846084607
77000
2.3608460846084607
78000
2.3608460846084607
79000
2.3608460846084607
80000
2.3608460846084607
81000
82000
2.3608460846084607
2.3608460846084607
83000
2.3608460846084607
84000
2.3608460846084607
85000
2.3608460846084607
86000
2.3608460846084607
87000
2.3608460846084607
88000
2.3608460846084607
89000
2.3608460846084607
90000
2.3608460846084607
91000
92000
2.3608460846084607
2.3608460846084607
93000
94000
2.3608460846084607
95000
2.3608460846084607
96000
2.3608460846084607
2.3608460846084607
97000
2.3608460846084607
98000
2.3608460846084607
99000
2.3608460846084607
100000
101000
2.3608460846084607
2.3608460846084607
102000
103000
2.3608460846084607
104000
2.3608460846084607
105000
2.3608460846084607
2.3608460846084607
106000
2.3608460846084607
107000
2.3608460846084607
108000
2.3608460846084607
109000
110000
2.3608460846084607
2.3608460846084607
111000
2.3608460846084607
112000
2.3608460846084607
113000
2.3608460846084607
114000
115000
2.3608460846084607
2.3608460846084607
116000
2.3608460846084607
117000
2.3608460846084607
118000
119000
2.3608460846084607
2.3608460846084607
120000
2.3608460846084607
121000
2.3608460846084607
122000
2.3608460846084607
123000
2.3608460846084607
124000
2.3608460846084607
125000
2.3608460846084607
126000
2.3608460846084607
127000
2.3608460846084607
128000
2.3608460846084607
129000
130000
2.3608460846084607
131000
2.3608460846084607
132000
2.3608460846084607
133000
2.3608460846084607
134000
2.3608460846084607
135000
2.3608460846084607
2.3608460846084607
136000
2.3608460846084607
137000
138000
2.3608460846084607
139000
2.3608460846084607
140000
2.3608460846084607
2.3608460846084607
141000
2.3608460846084607
142000
2.3608460846084607
143000
2.3608460846084607
144000
145000
2.3608460846084607
146000
2.3608460846084607
2.3608460846084607
147000
2.3608460846084607
148000
2.3608460846084607
149000
2.3608460846084607
150000
151000
2.3608460846084607
152000
2.3608460846084607
2.3608460846084607
153000
154000
2.3608460846084607
2.3608460846084607
155000
2.3608460846084607
156000
157000
2.3608460846084607
158000
2.3608460846084607
159000
2.3608460846084607
160000
2.3608460846084607
2.3608460846084607
161000
2.3608460846084607
162000
163000
2.3608460846084607
164000
2.3608460846084607
165000
2.3608460846084607
166000
2.3608460846084607
167000
2.3608460846084607
2.3608460846084607
168000
2.3608460846084607
169000
2.3608460846084607
170000
2.3608460846084607
171000
2.3608460846084607
172000
2.3608460846084607
173000
174000
2.3608460846084607
2.3608460846084607
175000
176000
2.3608460846084607
177000
2.3608460846084607
178000
2.3608460846084607
179000
2.3608460846084607
180000
2.3608460846084607
2.3608460846084607
181000
182000
2.3608460846084607
2.3608460846084607
183000
2.3608460846084607
184000
2.3608460846084607
185000
2.3608460846084607
186000
2.3608460846084607
187000
2.3608460846084607
188000
2.3608460846084607
189000
2.3608460846084607
190000
191000
2.3608460846084607
2.3608460846084607
192000
2.3608460846084607
193000
194000
2.3608460846084607
2.3608460846084607
195000
2.3608460846084607
196000
2.3608460846084607
197000
2.3608460846084607
198000
2.3608460846084607
199000
200000
2.3608460846084607
2.3608460846084607
201000
2.3608460846084607
202000
2.3608460846084607
203000
2.3608460846084607
204000
2.3608460846084607
205000
2.3608460846084607
206000
2.3608460846084607
207000
2.3608460846084607
208000
2.3608460846084607
209000
2.3608460846084607
210000
211000
2.3608460846084607
2.3608460846084607
212000
2.3608460846084607
213000
2.3608460846084607
214000
2.3608460846084607
215000
2.3608460846084607
216000
2.3608460846084607
217000
2.3608460846084607
218000
2.3608460846084607
219000
2.3608460846084607
220000
2.3608460846084607
221000
2.3608460846084607
222000
2.3608460846084607
223000
2.3608460846084607
224000
2.3608460846084607
225000
226000
2.3608460846084607
2.3608460846084607
227000
2.3608460846084607
228000
2.3608460846084607
229000
230000
2.3608460846084607
2.3608460846084607
231000
2.3608460846084607
232000
233000
2.3608460846084607
2.3608460846084607
234000
2.3608460846084607
235000
236000
2.3608460846084607
2.3608460846084607
237000
2.3608460846084607
238000
2.3608460846084607
239000
240000
2.3608460846084607
2.3608460846084607
241000
2.3608460846084607
242000
2.3608460846084607
243000
2.3608460846084607
244000
2.3608460846084607
245000
2.3608460846084607
246000
2.3608460846084607
247000
2.3608460846084607
248000
2.3608460846084607
249000
2.3608460846084607
250000
251000
2.3608460846084607
2.3608460846084607
252000
2.3608460846084607
253000
2.3608460846084607
254000
255000
2.3608460846084607
2.3608460846084607
256000
2.3608460846084607
257000
2.3608460846084607
258000
2.3608460846084607
259000
2.3608460846084607
260000
2.3608460846084607
261000
2.3608460846084607
262000
2.3608460846084607
263000
2.3608460846084607
264000
2.3608460846084607
265000
2.3608460846084607
266000
2.3608460846084607
267000
268000
2.3608460846084607
269000
2.3608460846084607
2.3608460846084607
270000
2.3608460846084607
271000
2.3608460846084607
272000
2.3608460846084607
273000
2.3608460846084607
274000
2.3608460846084607
275000
2.3608460846084607
276000
2.3608460846084607
277000
2.3608460846084607
278000
2.3608460846084607
279000
2.3608460846084607
280000
2.3608460846084607
281000
2.3608460846084607
282000
2.3608460846084607
283000
2.3608460846084607
284000
285000
2.3608460846084607
2.3608460846084607
286000
2.3608460846084607
287000
2.3608460846084607
288000
2.3608460846084607
289000
2.3608460846084607
290000
2.3608460846084607
291000
2.3608460846084607
292000
2.3608460846084607
293000
2.3608460846084607
294000
295000
2.3608460846084607
2.3608460846084607
296000
2.3608460846084607
297000
298000
2.3608460846084607
2.3608460846084607
299000
2.3608460846084607
299000
