0.5339666666666675
0.7567935564435568
0.8183787591913083
0.8335378778440329
0.8324525491005542
0.8174722817367917
0.793831202787266
0.7658288347487904
0.7381386961187699
0.7049406272575072
0.6764446083286164
0.6419835093044423
0.606502902086818
0.562807978093046
0.5248211211244685
0.4857789684774516
0.444366275313432
0.40175352016444577
0.36570180417179965
0.32880508152327326
0.30047382881385876
0.265595546869568
0.23865000780520956
0.21590276316837245
0.1904928644314656
0.1677858710371475
0.14925309557449426
0.1318237473498298
0.11653578106867207
0.10343888396789902
0.0919571562712613
0.0824112489874983
0.07382359117320265
0.06603739255117891
0.058366599930547845
0.05234128280640687
0.046799041366356355
0.04157716718665229
0.03778046060714538
0.03424465426352873
0.03170778961945786
0.02919241258172527
0.02715785279856482
0.02531790411792912
0.024099587536401255
0.022960483478267422
0.022168362993435886
0.02166468681989822
0.02130161557255678
0.02105598181490848
0.021359663513084968
0.021690583539848995
0.02108148996774683
0.02171485357375358
0.02128407083903812
0.021177509151789963
0.0210006809798587
0.02117938327467073
0.02103792034238877
0.02130402894505717
0.021058183041123356
0.021114421293828796
0.021249432924516937
0.021229271904947344
0.021600591065481255
0.02131854108275201
0.02154103240456309
0.021320878293366107
0.02148279521386847
0.021416876073858747
0.021416849925779472
0.021305528454068877
0.021366522271330998
0.021260877620364896
0.021219319669241943
0.021204637552559056
0.021060055588176918
0.02112615419880953
0.02115708980747634
0.020984883676907297
0.021154028935973755
0.020954848938462733
0.021268038468446087
0.02121748682065356
0.021283540237207698
0.021400080210942345
0.021236534089863077
0.021374898397841118
0.02182827038803917
0.021566666274784173
0.021644460388599785
0.021506354249466186
0.021166454874498926
0.02146744106710206
0.021358224977437803
0.021544366962592355
0.0216422686074085
0.02130413718554075
0.021583249442010594
0.021518401036469216
0.021192387798732695
0.021528802493137815
0.02156890981938445
0.021408809774556854
0.020855300874673008
0.021185932006669714
0.021342347706711055
0.021226437902188904
0.020880577134422224
0.02126848325897476
0.021583673034231612
0.021507106619860522
0.021110740053421943
0.020747517284208563
0.021094149279491586
0.02132787147532425
0.02139300823992382
0.021371876387106258
0.021471500215392736
0.021456350110349878
0.021600405681921033
0.021254193380901204
0.021349147598338558
0.02097332307523487
0.02149713733648689
0.021351181344983677
0.021403561810772888
0.021514193878174687
0.021788622829156338
0.021445537450565638
0.0212967072588028
0.021285862404097362
0.021339645623471088
0.021538126877543876
0.02141173788867506
0.02141587643338987
0.021118173955353366
0.02142355200308499
0.020774501576159336
0.021238603362115183
0.02171465855582454
0.021557579460229175
0.02132191612067447
0.021300610989201316
0.02107048342062735
0.021361045781115886
0.021640261033252513
0.021549925779043272
0.021539259474609326
0.021403846201554944
0.021321202157895285
0.0210797560832415
0.02101831104896002
0.021163185623762407
0.021034861655544808
0.020886328844734577
0.021191059925221526
0.02126706788357433
0.02066030375994656
0.021032820677166206
0.021532193130308592
0.02163844586957763
0.020848536669367878
0.021066860299821535
0.02108934236953055
0.0212769586615512
0.02114907030480894
0.021086861260821325
0.021389999703092966
0.021229816709336952
0.020843003711448153
0.021307527379657378
0.02112773167673257
0.020961440939052525
0.021549681838607556
0.021800262923376744
0.021666501208791104
0.021568307269523582
0.02151483618205559
0.021453090748013052
0.02152942856281338
0.02157030528012673
0.021739827336784597
0.021397160352898206
0.02138215579003263
0.021374680156626354
0.021230278904618226
0.021470102660252937
0.02149974365895606
0.02167038610068568
0.021548236857830822
0.021260988756033508
0.021101756508674133
0.02148337941902137
0.02138092296877777
0.021497815222313928
0.021591464119768023
0.021313792020564947
0.02079219033142808
0.021104391684513637
0.021145133752165875
0.02135407806500805
0.021262466108745114
0.021448246597402496
0.021480557368388612
0.021054893340516054
0.02117290809600029
0.02115463590926945
0.021086214676247574
0.02132002004469392
0.020974944947930365
0.02155717412140996
0.021635447817541887
0.021333479523276525
0.02104835352950001
0.021253517920717994
0.021056172954094076
0.021529048244276358
0.021346337452833136
0.02145693848423333
0.021278826154675325
0.02132500604853356
0.02102956484595431
0.02141633776582645
0.021285863886399328
0.020959030652225142
0.021197457591715207
0.021329382930669723
0.021247765817430264
0.02177083811121776
0.02135623723805346
0.02109238606028423
0.021521167452848513
0.02138980190281092
0.02139154921154999
0.021513102107357556
0.021571125927276294
0.02119318517901062
0.021069096722601908
0.020807512702608173
0.02126112637930222
0.021247952778726382
0.02133004042718394
0.02105331222770123
0.02120523636032644
0.021325597774931794
0.02110396411532966
0.021312837730185396
0.0209909289131037
0.02139571031577853
0.021186740219084104
0.02141636304321588
0.021300393474994326
0.02093193520779846
0.021608055674096214
0.020998330444857494
0.02103603542785819
0.020837734091814705
0.020848314925139017
0.020937280485597398
0.021274651573038043
0.021340475634823525
0.021518851887186257
0.021695423636344902
0.021366250966588167
0.02128405493262559
0.02126455358050077
0.021079028519116836
0.020772980256269682
0.02104230799814546
0.021417642755044833
0.021290536774586175
0.021376580552965995
0.021126356841158198
0.02119736692891119
0.020949512213533535
0.021236033918927713
0.021568747807136992
0.021241003574939795
0.02120468301106168
0.02130276961834971
0.021807707727558148
0.021905735527136767
0.02132192074171912
0.0208902970606857
0.020763555540312322
0.021195454158877816
0.02145614930268655
0.021396418032849408
0.021192162735989024
0.02128531203244094
0.021520701667262315
0.02121634445239896
0.02109568296554021
0.02119350486901413
0.020937965500156985
0.021066180411133197
0.021452741855432812
0.021132488412910745
