0.12199999999999973
0.2901000000000003
0.44043333333333173
0.575969047619047
0.6468603174603169
0.6997635642135644
0.7255388888888887
0.7549809190809198
0.7807507721037129
0.7906680652680644
0.8035019092019089
0.8122579175726228
0.822207493650141
0.828247239894609
0.8353528961922151
0.8332538341001962
0.8364889999227668
0.8293036600627355
0.8226168384481185
0.8153896684634874
0.8091814063202877
0.8063440246236839
0.7995123982147628
0.7951832779035688
0.7916117307174101
0.7913476589136806
0.789654174860505
0.7879438306154916
0.7857061061577132
0.7809547246562102
0.7710498177252642
0.7635867730808711
0.7608279469018957
0.7550617319369571
0.7531186889063815
0.7535128185157084
0.7537593735883048
0.7522068353488669
0.7526906105831879
0.7501832803509515
0.7464412350870394
0.7439885983294399
0.741539168730595
0.7389430263843451
0.7360102191538936
0.731943371069721
0.729188816021701
0.7264268640383642
0.7220536228076592
0.7166658732816796
0.7126326862046986
0.7075653054591161
0.7049733277878465
0.7017966301989057
0.7001112094924202
0.6961472953020378
0.6949165727232377
0.6929345301986686
0.6901877303371353
0.6846923318182608
0.68206568046501
0.6787227902833672
0.6754202059207591
0.669962189306144
0.6672631976546661
0.6666841976570511
0.662215378787474
0.6569218426443548
0.6534716872541169
0.6508327957000909
0.6482006394118608
0.644245368951508
0.6400520382372454
0.6376998314548556
0.634299120836971
0.6298890414506753
0.6275768687654977
0.6227156277673418
0.6175092482085329
0.6149715569336565
0.6096855556119027
0.6048632368863035
0.5989228104211671
0.5941175087359264
0.5883464499708838
0.5832175947554648
0.5774482886663576
0.5731965857254738
0.567318221542823
0.5611333592851405
0.5551366747643514
0.5503334832715201
0.5443755201523439
0.5374249907337194
0.5302803172069258
0.5247888759169737
0.5175380080898027
0.5115325926144895
0.5055752867396003
0.49791023924588307
0.49137845517755535
0.487659239944655
0.47987841281655796
0.4746179634562834
0.46807986792673845
0.46271246927827353
0.4580773649121966
0.4521029044575352
0.44688049907330135
0.442436335674331
0.4363789857312138
0.4307577160987125
0.42582163952531843
0.42115667867552115
0.4148422510322594
0.41093122494904133
0.4053460665176323
0.39764449397959956
0.3919730193913264
0.38663353577182297
0.3787977262101427
0.37403632020164607
0.3689163272512688
0.36385427140572507
0.3582284421682193
0.35220259157343947
0.34669853889055596
0.3412104933368741
0.3366378829633305
0.3339080677098808
0.328817564441297
0.32450912827830225
0.3186378950285898
0.31291322659488674
0.3075283622302747
0.30254697257745045
0.29694168936583787
0.2921052502342569
0.2871802651515565
0.2823608751947762
0.2770661011576408
0.27173500136198814
0.26779058281537876
0.26343351463784614
0.2577707465651832
0.253443084041349
0.24938651407291934
0.24532422155234238
0.24106853552424812
0.23800874976617303
0.2341233041321556
0.22975544492740016
0.22581518906816186
0.22167074126811825
0.21695826830452503
0.21232182527506793
0.20821087257868853
0.20400519408980514
0.19959161903221445
0.19622029288115386
0.1923810490458614
0.18872483822822894
0.18635217451191086
0.18330121320982937
0.1802585731202352
0.17617576877644395
0.1724482225850899
0.16916849076543247
0.16611573585452324
0.16335582549653538
0.16101203991078847
0.15760980107757191
0.1550045335871049
0.15231671816553707
0.1485065550643202
0.14545096470739424
0.1431676888008873
0.14080024801164276
0.13850653496860996
0.1361216628468651
0.13323255247045818
0.13101339576322366
0.1280773094470324
0.12596923590051887
0.1233622934032474
0.12138631340462089
0.11877850637395124
0.11698623854294839
0.11500911460215792
0.11256391118397503
0.11075488364821318
0.10899067106293839
0.1071008188601596
0.1049833944947648
0.10304878847104021
0.10042846992904288
0.09861858975709716
0.09691212520582056
0.09526096470149395
0.09319167912957142
0.09163825025397147
0.08990503527323312
0.08849848269910414
0.08691506995135678
0.08519732671070022
0.08363026163709798
0.08223431352742233
0.0802758212504812
0.0784694769658149
0.07702593001470553
0.07526903344200991
0.07356039944881054
0.07234248443382882
0.07092988235332957
0.0694869803174627
0.06788704572184742
0.06674868511532742
0.06542279261289291
0.06395572931800356
0.06283245566807756
0.06176294560983003
0.06071657459718037
0.05977378138568453
0.058334928963953696
0.0573649156571753
0.056148421764468145
0.05497063265718764
0.05406157931865438
0.05291084335602833
0.051970002939327346
0.05102111981196515
0.05012031640183718
0.04925428567434424
0.04818510692771694
0.047103696839584056
0.04606634364988319
0.045068199300929195
0.04406984441619297
0.0431456486642581
0.04247338494457026
0.0416464676008655
0.04078603967915149
0.0401138782294331
0.03947615978589408
0.03878263497707944
0.03818264167041885
0.03746019706511677
0.03675535944579328
0.036168263180751885
0.035501404929604304
0.03490792386201771
0.03430004289118656
0.033572705551042706
0.03286777119745648
0.03214420534873719
0.03154774005088567
0.03097886784685478
0.030492374294733886
0.029837416340690027
0.029222897641789737
0.02871490778168298
0.028265632103000156
0.02772573624256417
0.0271727532556974
0.02668086648070612
0.026307268073960825
0.025859668859757327
0.025375969278805758
0.02493566552840628
0.024429470537642783
0.023930251072838644
0.02363274479517857
0.0231935900776373
0.022732294850817725
0.022327655317176565
0.021962157095290386
0.02157166558532458
0.021249712756691932
0.02080317137169445
0.020444703802424056
0.02003622403777734
0.019614056158011258
0.01937294459010776
0.01896356711881664
0.018647672981709603
0.018306701029409674
0.017976861698580506
0.017650572593725582
0.017388739290773142
0.017131860882226888
0.016811155288784324
0.01655592160240904
0.016327185785000163
0.016019806325114988
0.01575014938545513
0.015506710811093258
0.015245699602944703
0.014986267279858358
0.014735383455896698
