0
2
1
3
8
9
13
33
32
27
31
39
44
46
65
80
71
88
107
90
107
120
134
112
142
141
128
165
157
148
166
167
155
182
180
178
170
161
166
163
166
165
152
188
193
157
180
163
177
162
132
156
159
146
161
132
140
144
140
117
106
114
121
105
101
117
86
84
99
105
85
97
75
91
59
85
77
69
68
65
61
37
55
59
44
52
44
42
43
44
56
36
37
36
29
26
35
32
31
22
23
20
27
16
20
24
13
19
15
11
10
13
9
9
5
12
13
8
9
5
12
6
11
7
7
11
5
5
7
4
5
4
2
5
0
3
4
3
4
3
3
1
0
0
1
1
2
0
0
0
0
0
1
1
0
0
2
1
0
2
0
0
0
0
0
2
0
0
0
0
0
1
1
0
0
0
0
0
0
0
0
1
