2329.748314831483
2006.0995399539954
1739.817101710171
1516.2593259325934
1347.9570757075708
1200.8930393039304
1072.150805080508
963.8372237223722
883.4238823882388
800.4453445344534
733.8336133613361
669.3924692469247
611.9257625762576
567.8832383238324
522.3132313231323
483.203900390039
447.7252125212521
422.55839583958397
393.45341534153414
368.6901390139014
345.3227822782278
317.37848784878486
296.64888488848885
282.65666566656665
261.994499449945
247.33307330733072
234.99481948194818
222.4874287428743
206.22852285228524
193.8047404740474
183.31914191419142
173.75690569056906
162.87095709570957
157.0980898089809
146.6065606560656
140.45845584558455
135.23890389038903
129.86342634263426
124.36027602760277
118.82447244724473
114.68656865686569
108.8943294329433
104.3076307630763
99.92569256925692
94.78407840784078
90.25901590159016
87.6997699769977
85.705700570057
82.15883588358835
77.36929692969296
75.58757875787579
71.3002800280028
69.68145814581459
65.95724572457246
64.43361336133613
61.66979697969797
60.552965296529656
58.56475647564756
56.32147214721472
54.25858585858586
52.06347634763476
51.0012701270127
49.74347434743474
47.47820782078208
45.82051205120512
44.64905490549055
42.46907690769077
41.51971197119712
39.340864086408644
37.68969896989699
37.76838683868387
36.57845784578458
34.80628062806281
33.58791879187919
32.73707370737074
32.24947494749475
31.013461346134612
30.14846484648465
29.063926392639264
28.464976497649765
26.903600360036002
26.40935093509351
25.696459645964598
24.21281128112811
23.986648664866486
23.476517651765178
22.411961196119613
21.801760176017602
20.837393739373937
20.151375137513753
19.404880488048803
18.91259125912591
18.295559555955595
18.268076807680767
17.801790179017903
17.115571557155715
16.733523352335233
16.423022302230223
15.664866486648664
15.075447544754475
14.784558455845584
14.517021702170217
14.113821382138214
13.631593159315932
13.153145314531454
12.685898589858986
12.430633063306331
12.297939793979397
11.828982898289828
11.556275627562757
11.385718571857186
11.057305730573058
10.745184518451845
10.46940694069407
10.113991399139914
10.026442644264426
9.87012701270127
9.689398939893989
9.540454045404541
9.336423642364236
9.219781978197819
8.94904490449045
8.73032303230323
8.490639063906391
8.317211721172118
8.127062706270626
8.005300530053006
7.804740474047405
7.643804380438044
7.506460646064607
7.346254625462546
7.014721472147214
6.862336233623362
6.62059205920592
6.553265326532653
6.434573457345735
6.37010701070107
6.232653265326532
5.982768276827683
5.850865086508651
5.7934893489348935
5.671987198719872
5.4703270327032705
5.411201120112011
5.33022302230223
5.24951495149515
5.1355335533553355
4.965486548654866
4.893329332933293
4.797559755975597
4.762616261626163
4.721022102210221
4.638393839383938
4.537703770377037
4.493259325932593
4.415291529152915
4.344674467446745
4.270497049704971
4.2164316431643165
4.164066406640664
4.0812281228122815
4.0456645664566455
3.9815781578157816
3.9484548454845485
3.9144414441444146
3.8592759275927593
3.8245824582458248
3.741964196419642
3.7025202520252027
3.6585258525852584
3.6067306730673065
3.5755075507550753
3.5439143914391438
3.51025102510251
3.4776877687768777
3.4434543454345437
3.412991299129913
3.38018801880188
3.3314331433143316
3.304000400040004
3.273137313731373
3.244134413441344
3.213961396139614
3.1895089508950893
3.16020602060206
3.137713771377138
3.1154215421542153
3.095749574957496
3.0682468246824683
3.044074407440744
3.021092109210921
3.0036603660366037
2.9584158415841584
2.9456445644564457
2.9297029702970296
2.913981398139814
2.8925292529252924
2.8765876587658767
2.853895389538954
2.8421742174217424
2.8274627462746276
2.8031003100310032
2.798169816981698
2.7752775277527753
2.757275727572757
2.752045204520452
2.7423242324232424
2.7392239223922394
2.733233323332333
2.7272527252725274
2.7222422242224225
2.7196119611961196
2.718151815181518
2.7163416341634163
2.7134413441344134
2.710941094109411
2.7101910191019103
2.707850785078508
2.706910691069107
2.705630563056306
2.7045704570457048
2.701160116011601
2.6990899089908993
2.7013301330133013
2.7001500150015003
2.696859685968597
2.697199719971997
2.696209620962096
2.6963296329632964
2.696989698969897
2.696009600960096
2.694029402940294
2.693889388938894
2.691059105910591
2.69004900490049
2.6905890589058905
2.6892989298929892
2.6892489248924893
2.6893389338933895
2.6888288828882887
2.687878787878788
2.687238723872387
2.686668666866687
2.6865086508650866
2.686798679867987
2.6866886688668865
2.687078707870787
2.6866386638663866
2.6854085408540853
2.689158915891589
2.6894989498949893
2.6883388338833885
2.6887388738873885
2.6894489448944894
2.687998799879988
2.6873187318731873
2.6856285628562855
2.6853485348534853
2.6834683468346836
2.683138313831383
2.683848384838484
2.683078307830783
2.6837983798379836
2.683118311831183
2.684878487848785
2.684078407840784
2.684958495849585
2.6833183318331835
2.683338333833383
2.684688468846885
2.6823982398239825
2.681998199819982
2.680958095809581
2.682088208820882
2.683918391839184
2.6824382438243823
2.6832983298329833
2.6837383738373837
2.683008300830083
2.6825882588258825
2.683028302830283
2.6814181418141816
2.681038103810381
2.680958095809581
2.6786478647864786
2.68008800880088
2.6833583358335833
2.68016801680168
2.677957795779578
2.6785778577857786
2.6762376237623764
2.680938093809381
2.6793379337933794
2.68017801780178
2.6824282428242823
2.6842884288428843
2.6855385538553858
2.6875687568756876
2.6879787978797878
