1257.9844684468446
727.4044604460446
485.8203720372037
360.13774377437744
282.95458545854586
230.87967796779677
193.77245724572458
163.98242824282428
142.23273327332734
123.94257425742575
111.96882688268826
97.88581858185819
85.63068306830684
75.65155515551555
67.83402340234024
61.97280728072807
55.07928792879288
49.11364136413641
43.91993199319932
38.62984298429843
34.65009500950095
30.35986598659866
27.545484548454844
23.86270627062706
21.73062306230623
19.806950695069506
18.056135613561356
16.124492449244926
14.577957795779579
13.080248024802481
11.836003600360035
10.933573357335733
9.762266226622662
8.890189018901891
8.297339733973397
7.115471547154716
6.685728572857286
6.18996899689969
5.734503450345034
5.294559455945595
4.905650565056505
4.588888888888889
4.326972697269727
4.002510251025103
3.76960696069607
3.5604060406040605
3.4142814281428144
3.2527952795279527
3.1346334633463346
2.9955695569556955
2.9002800280028005
2.7934793479347935
2.6812481248124813
2.625022502250225
2.5591859185918593
2.5257225722572256
2.498949894989499
2.474677467746775
2.4584458445844586
2.4333833383338335
2.4146114611461145
2.4041504150415043
2.383908390839084
2.3791079107910793
2.3704170417041706
2.3677967796779678
2.36978697869787
2.364216421642164
2.363986398639864
2.3724872487248723
2.377797779777978
2.3774277427742776
2.3807180718071805
2.3805280528052806
2.39009900990099
2.3914391439143916
2.3883788378837885
2.3851785178517853
2.388988898889889
2.394009400940094
2.396969696969697
2.397839783978398
2.393839383938394
2.380858085808581
2.378157815781578
2.3785378537853785
2.372787278727873
2.3833583358335835
2.3765576557655765
2.375807580758076
2.3727972797279726
2.365906590659066
2.37010701070107
2.362876287628763
2.361066106610661
2.352185218521852
2.3415441544154416
2.343014301430143
2.3475947594759474
2.345074507450745
2.3457645764576456
2.344684468446845
2.3512851285128513
2.3613861386138613
2.367056705670567
2.351135113511351
2.3475047504750477
2.347154715471547
2.341644164416442
2.3411841184118414
2.338313831383138
2.33993399339934
2.343324332433243
2.335053505350535
2.335253525352535
2.34012401240124
2.3413341334133415
2.3483948394839484
2.3496149614961497
2.343994399439944
2.3546154615461545
2.3616161616161615
2.348844884488449
2.350855085508551
2.3434443444344435
2.33999399939994
2.3424042404240426
2.344064406440644
2.343844384438444
2.3463546354635465
2.3438043804380437
2.3474447444744473
2.347954795479548
2.353675367536754
2.3506650665066506
2.3487648764876488
2.3491049104910493
2.3384538453845383
2.3334733473347335
2.3416941694169418
2.347294729472947
2.339093909390939
2.348004800480048
2.3472547254725473
2.3524052405240523
2.3380638063806383
2.338993899389939
2.3364836483648364
2.345254525452545
2.3494749474947496
2.3514351435143515
2.344054405440544
2.34971497149715
2.3524152415241524
2.3501650165016503
2.348034803480348
2.3432143214321433
2.3523452345234523
2.3646264626462647
2.359095909590959
2.363926392639264
2.3572257225722573
2.3552455245524553
2.352975297529753
2.342334233423342
2.335893589358936
2.327822782278228
2.3346634663466346
2.338303830383038
2.3323132313231323
2.3272427242724274
2.343104310431043
2.3446244624462445
2.338093809380938
2.352605260526053
2.36018601860186
2.3640964096409642
2.363006300630063
2.373817381738174
2.375877587758776
2.377307730773077
2.3734073407340732
2.3727272727272726
2.368976897689769
2.3698269826982696
2.3675767576757676
2.3513551355135514
2.3585458545854587
2.360886088608861
2.3568156815681567
2.354935493549355
2.355785578557856
2.3552455245524553
2.366956695669567
2.368086808680868
2.3747974797479747
2.37990799079908
2.3686968696869686
2.3747074707470746
2.3775577557755776
2.384178417841784
2.395019501950195
2.3914391439143916
2.3821382138213822
2.3916391639163916
2.38995899589959
2.3832183218321834
2.3846284628462846
2.381618161816182
2.386068606860686
2.377047704770477
2.386278627862786
2.376987698769877
2.384658465846585
2.39011901190119
2.3887388738873887
2.3889388938893887
2.3873187318731874
2.388908890889089
2.394209420942094
2.398149814981498
2.394279427942794
2.3975597559755975
2.3945294529452945
2.3905290529052907
2.3926792679267925
2.392789278927893
2.396909690969097
2.395109510951095
2.3905390539053903
2.3892389238923895
2.3842884288428845
2.374997499749975
2.3753975397539753
2.3747374737473748
2.3665766576657665
2.3803780378037804
2.381328132813281
2.385658565856586
2.378857885788579
2.3805380538053806
2.3783178317831783
2.381618161816182
2.3822882288228824
2.3855185518551854
2.3865986598659865
2.380978097809781
2.3839183918391837
2.388858885888589
2.3903690369036905
2.3944894489448947
2.3879487948794877
2.3887388738873887
2.3862686268626865
2.3962196219621963
2.3984998499849985
2.4014601460146014
2.400880088008801
2.3954595459545955
2.4013801380138013
2.3996699669967
2.393719371937194
2.393009300930093
2.3921892189218923
2.3875987598759876
2.3807480748074807
2.3831983198319833
2.3811681168116814
2.3924192419241925
2.406050605060506
2.393989398939894
2.3854885488548856
2.377967796779678
2.3776477647764778
2.3752075207520753
2.3727472747274727
2.3725372537253726
2.3800980098009803
2.373057305730573
2.3806580658065806
2.3861686168616862
2.38975897589759
2.398749874987499
2.4073207320732073
2.4106510651065105
2.4095809580958094
2.4155315531553154
2.414801480148015
2.4085108510851083
2.4075807580758077
2.407160716071607
2.405010501050105
2.4044404440444045
2.4025902590259025
2.3983298329832983
2.3984298429842985
2.4007700770077007
2.402630263026303
2.3991899189918993
