0.3047265169952899
0.3119146503156998
0.3348938759853494
0.3289590788378898
0.32894079371411006
0.3302189826639872
0.3259499971560867
0.32233751310566416
0.3180554209970145
0.31145085584020826
0.30319864938877794
0.29225861485828414
0.2816495617413734
0.27096626660345896
0.2619912387275926
0.2530484502432694
0.24308475204845
0.2331812886171312
0.2236815282124416
0.21328501504536496
0.20028822068114507
0.19105912439235895
0.18060262834769883
0.17083758795669118
0.16145139349529772
0.15212792703694553
0.1413832354822853
0.13207380896069323
0.12341572065661036
0.11649394367086556
0.11024719965475742
0.10392315774470605
0.09715673558895203
0.09023968617992205
0.0843660125282891
0.07890545722735913
0.0745029878523878
0.07018802691926328
0.06607042585373146
0.06156867682714102
0.058058051990714225
0.05340926197118793
0.05043859296414748
0.04655838913948026
0.04354120130757245
0.0405709020776851
0.03806512045022294
0.03557697152689307
0.03286514300992731
0.030572504776083028
0.028709179747996368
0.026561889621336123
0.024833823891732568
0.02340278187064123
0.022083428340413377
0.020598787428264848
0.019383653713009992
0.018437489017600617
0.0173594458363671
0.016670625745139514
0.01595006202073351
0.015188136837897529
0.014318130295267179
0.013582658399243497
0.012928686234662498
0.012458828055442817
0.012043899310718495
0.011512142429659129
0.011102078013815311
0.010677537400309182
0.010462141622069564
0.010188331337591306
0.009908076040149217
0.009757700591959892
0.009544679491720607
0.00935867591020288
0.009148570797116156
0.008985926708669496
0.008897950116033526
0.008886512795373041
0.008840864674633296
0.008722031381652133
0.008549106567483882
0.008401023012763263
0.008363733628351501
0.008329957108813166
0.00830789325831106
0.008238291625628929
0.008089774845282215
0.008009913641768942
0.007975551564747663
0.007848128898109654
0.0079611063095695
0.007903531439564753
0.007764808436847664
0.00771593358033365
0.007716088851967306
0.007699628522369375
0.007736877383438036
0.0076336091031426224
0.007575798248374896
0.007655230148775501
0.007601531811394165
0.007547929998899893
0.007509438584799792
0.007384121031387515
0.0074944020633605744
0.007556778093151856
0.0074048700653419845
0.0073691918436253265
0.007283317427120901
0.007267609194335196
0.007212254226980491
0.007234676163425482
0.007271327000056302
0.007423768451299124
0.007363946766881719
0.007226549169624525
0.007089930352898295
0.007001747589817527
0.007105520168197492
0.007071309905081149
0.007037547227882786
0.007059716403642624
0.006990404443185496
0.006982411445196582
0.00701488697987891
0.007003193459784232
0.006973497879586516
0.007040828439730304
0.0070217410333595935
0.007007624853031501
0.007018991156525695
0.007030528790643729
0.007008317865884069
0.0069486773719245176
0.006917264538352688
0.006964423598356814
0.006926453636143737
0.00690187516219684
0.006916171386510069
0.006917789510293057
0.0069283824244672386
0.006847709005143195
0.006892444843029723
0.006841907801917459
0.006946844244752849
0.006981448034933006
0.006920284400266408
0.006921898464912151
0.0069965726525223395
0.006893422468281927
0.0068159438745536
0.006742327473202053
0.00675268881262403
0.006840959048412981
0.0067708923820648725
0.006717184153011608
0.006674394810751367
0.006691218731044777
0.006673935409429307
0.006697580004783227
0.006645340657935923
0.006722261420099059
0.00662997923758435
0.006523918754942104
0.006573014622220943
0.006540206108979432
0.006637369528106613
0.00667850970382844
0.006767626801660807
0.006621082142045744
0.006648037880871193
0.0066351248265574
0.006690339135319329
0.006667572129426039
0.006622137660272201
0.006606248270397378
0.0065933157312136215
0.006543388576054925
0.006529928737417171
0.006510826574946885
0.0064594066197204226
0.0065338891655984735
0.00653202611875177
0.006574492188355111
0.0065974341693608145
0.006526198607169079
0.006603335820000771
0.006500985987339023
0.006527131834475964
0.0065119536509400016
0.006557996490779738
0.00660587664756226
0.0065427108909138386
0.0065382413463346886
0.006575838379942028
0.00656154635237236
0.006559284725325804
0.006520202140659244
0.006430436499331046
0.006463961130256397
0.00643128077163476
0.006475311175920482
0.006438020098735393
0.0064899769258608495
0.0064185959719625235
0.006560675637057887
0.006511288151520397
0.006489432642520327
0.006603588747271816
0.006554745160139155
0.006517997160221207
0.006532143310063007
0.006500704860777891
0.006554427173025316
0.006491683348834148
0.006494563773494653
0.006486325418630355
0.006593191736408221
0.0065800412988782425
0.006553729860736059
0.006522865868089547
0.0064792450294094426
0.006508391636427892
0.006404548870651198
0.0062911149110928336
0.006365367181380456
0.006376914176792186
0.00637848815104173
0.006271175042915154
0.006337117110742496
0.006369209747607892
0.006344352161712788
0.00633720817038367
0.006406145906633923
0.006400703594493608
0.006381340784234657
0.00646703395705386
0.006445805412219402
0.006490134151458456
0.006476739877544849
0.006347656919728409
0.006350620032917592
0.0064035916940654615
0.006408107750355972
0.006331881999867746
0.006386280200764912
0.006406047402193341
0.006364414622509464
0.006300156914293696
0.0062292323636365925
0.006200004258153545
0.00615769954611906
0.006151189097198383
0.006139189111023884
0.006124036889234937
0.006146464377527418
0.006138691579172745
0.006116446360840167
0.006117937619427062
0.006171106431155975
0.006201933028693483
0.00614728042812979
0.006280557725800889
0.006323559346267214
0.0062830657162819565
0.006257551619370243
0.006255352960811348
0.006284629074058583
0.006299610750759857
0.006319335178408367
0.006323868898070012
0.0063100150304332085
0.0062695016234435505
0.006250764261154483
0.006193143842740907
0.00618394027899583
0.006174795745650501
0.006151867118118729
0.006171160347877338
0.006225667856590355
0.006139432724714624
0.006199309679917974
0.0062500539023545455
0.006175010239201143
0.006184993883506242
0.006261209505755503
0.006252726353608592
0.006252095039205295
0.006252715937898275
0.006249976824296457
0.006273798419826141
0.006190743869008694
0.006381110424379799
0.00629210078531333
0.0062833453972282625
0.006300802031849482
0.006364868801803394
