0.2512551581169306
0.24611933983507836
0.2636739740951585
0.25943477556306505
0.2613438844230819
0.2659480342306034
0.2644191570376639
0.26558329728478636
0.2657453886284614
0.2654691817931055
0.264583473177402
0.2625267295667755
0.259514240296521
0.25690135007624065
0.25343353160154797
0.24879450999533836
0.24438962569039566
0.23921761649633333
0.23460061125352707
0.22902807760930294
0.2197773480629456
0.21437096497172078
0.20910682009385295
0.20286938659300627
0.19695735227170239
0.19134333389803415
0.18502164666770635
0.17886269716061828
0.17310788555202514
0.1675749833962404
0.16166926639886822
0.15635619474411286
0.1503830032909345
0.1437660468235853
0.1382604317796973
0.13328060451025847
0.12859327170031631
0.12348163661590493
0.11848809272482021
0.1141836789816206
0.10973123672765672
0.10475838194707807
0.10037419366818648
0.09643112486918208
0.09268733471682464
0.0890314029622174
0.0854423504686202
0.08189915429798929
0.07796096481143205
0.07468967056063064
0.07137118902385281
0.06818356518397649
0.06538636424251817
0.06284102804573889
0.060217629737280044
0.057525303938168106
0.054860306308361
0.052470782408272104
0.05009420921114075
0.04804449265017903
0.04610852410648882
0.04411590009683071
0.04225009002774436
0.04056565468716994
0.038619521735255825
0.036948394488210544
0.03549137344518487
0.03387505425913872
0.03263972745995197
0.03127088029128609
0.03015543247725553
0.029109407242281792
0.02789362117163797
0.026727868299808673
0.025881482202747587
0.025069396095696105
0.02421888930702066
0.0234019434933072
0.022698900569900572
0.02197398236976857
0.021321817730773664
0.020839418018122637
0.020336509101181968
0.019847170197557763
0.019251946520627873
0.018870720622024193
0.018467679724214342
0.018115137766504644
0.017759208218242888
0.017371578925973578
0.017042906843068986
0.016717135834789447
0.016514593648699054
0.016221030696365712
0.015913134337543242
0.015632539236019337
0.015461000532029414
0.015289390091278197
0.015008426566234594
0.01476043644648882
0.0145038539846941
0.014373521207128075
0.014178558682408748
0.014073702789591901
0.013942341550895762
0.013737346406156547
0.013583028824835832
0.013483363230333747
0.013352937835359789
0.013197612291502117
0.013140664132894582
0.013119603506546987
0.013114047140686206
0.013041806853592585
0.012982364816326855
0.01295479412024866
0.012911361416661438
0.01285523446997814
0.012769359395697816
0.012641643256336625
0.01257073318088469
0.012520975618542065
0.012505172759848372
0.012429077110265337
0.012386033186985015
0.012396926757007161
0.01241551928285602
0.012380156180466855
0.012391537129891514
0.012303513257787939
0.012293975334724995
0.012190787441431527
0.012171150798688241
0.012105208198165155
0.012055809012137458
0.012072528735528288
0.012062527683454187
0.012006219327712956
0.011966946522812164
0.011955186003813977
0.01188188533899737
0.01184570995138683
0.011859773532823963
0.011781074632700386
0.011745702323796741
0.011710666747108009
0.011726141758257619
0.011750233730131098
0.011787097988624222
0.011759760187142658
0.01170002280372165
0.011694548485789567
0.011678112180375321
0.011604862510997805
0.011591511933395497
0.01155599120077991
0.011557806976429599
0.011512710822438233
0.01151099339189631
0.011520624921991471
0.01150247690843007
0.011503723421389877
0.011474047254390872
0.011418287111211307
0.011391550316475384
0.011405228750958209
0.011411621649073016
0.011396352353175137
0.011349051943301249
0.011356116900658025
0.011399517917712074
0.011367144013339785
0.011286842465519158
0.011267894848580097
0.011234622366270586
0.011237632215284694
0.011214487725633899
0.011239276205504545
0.011244164552638191
0.011186714926800541
0.011229378086681492
0.011194319343403984
0.011165669260246001
0.011157423425471385
0.011210155066792826
0.011206998520182221
0.01124193156805203
0.011209801578207116
0.011177546860829222
0.011157986369792783
0.01116680453685802
0.011186861486870796
0.011167888973690216
0.011178683469766783
0.0111587030556701
0.011121904748300807
0.011131958393469829
0.011118201231149125
0.011106113515560127
0.011103117076079595
0.011054312416966892
0.011038931141356708
0.011034011005841064
0.011022873952514726
0.011045659636235182
0.011032086244647207
0.011046358489101685
0.01106902926678935
0.011024372398989573
0.011008897581077438
0.011009803542974851
0.011034833383621928
0.011037821949057702
0.010975242635026942
0.0109559678511299
0.010957601217466528
0.010964477089170083
0.01095509165661787
0.010968476312701536
0.010982791861318335
0.01101183189579412
0.010950152536305316
0.01090326846180306
0.010882996468692663
0.0108316960807474
0.010814971633342666
0.010772683963151885
0.010772877855500912
0.010778481707160005
0.010752072809248957
0.010745615571959485
0.010758234418614645
0.010768410964220538
0.010743737017973275
0.01076646861398599
0.01073116406181665
0.010734794661103627
0.010755688700157036
0.010765769161417466
0.010757823473293316
0.010752417874714454
0.010676131694441444
0.010653317640066145
0.01065207805437974
0.010675930025987415
0.010706609833764568
0.010704089577398075
0.010652090826853195
0.010664553501552588
0.010631188110891933
0.010582102868117105
0.010538273636177523
0.010554511209544556
0.010540771825373373
0.010588837612110592
0.01063222865624103
0.010646980247096394
0.010598485233528769
0.010644662711328792
0.010606133214228444
0.010622577960000578
0.010609268870211658
0.010592422804063854
0.010620192521463638
0.010593020306952434
0.010613261538996728
0.010581471404605759
0.010598101219294505
0.010619031121958623
0.01066656647751453
0.01064894860074854
0.010616163214604526
0.010593860901091687
0.010579300061736697
0.010598755824529724
0.010555051987533924
0.010585455931214743
0.010567741493583277
0.01058460136363201
0.010595337137663911
0.010594119132060284
0.010568165906256255
0.010554108504293943
0.01055627465409507
0.010539130530225933
0.010531352214839779
0.010583789994037146
0.010589297210665165
0.010551344662004677
0.010562671876629525
0.010598451599337432
0.010602132256356459
0.010582400229935554
0.010616584211104108
0.010571477125038108
0.010584366330641677
0.010558818212938881
0.010500809644099888
0.010540604019100014
