1.8999099909991
1.8984898489848985
1.897919791979198
1.897999799979998
1.8984598459845985
1.9002900290029003
1.9975797579757977
2.001080108010801
2.003810381038104
2.010991099109911
2.018071807180718
2.025032503250325
2.034603460346035
2.134013401340134
2.144934493449345
2.154955495549555
2.1634863486348634
2.175107510751075
2.185818581858186
2.1992999299929994
2.20973097309731
2.219011901190119
2.4535953595359534
2.3927692769276927
2.2532753275327533
2.1915691569156914
2.2768476847684767
2.2856385638563856
2.2928492849284927
2.362856285628563
2.368796879687969
2.4357835783578357
2.502080208020802
2.5023202320232025
2.506300630063006
2.4962696269626963
2.5001000100010002
2.5002400240024003
2.5001000100010002
2.5001500150015
2.500200020002
2.4637163716371635
2.465026502650265
2.462016201620162
2.464986498649865
2.493059305930593
2.491999199919992
2.458825882588259
2.4605260526052604
2.4962096209620963
2.4952395239523955
2.492709270927093
2.4921092109210923
2.494629462946295
2.5184818481848184
2.5205320532053204
2.5182718271827182
2.518751875187519
2.544854485448545
2.5417241724172417
2.543304330433043
2.5420642064206422
2.54006400640064
2.539113911391139
2.54006400640064
2.54026402640264
2.539273927392739
2.5373037303730372
2.553945394539454
2.5492749274927493
2.546864686468647
2.548094809480948
2.547404740474047
2.5492649264926492
2.549104910491049
2.54981498149815
2.5330833083308333
2.550935093509351
2.5493949394939492
2.5475847584758475
2.548184818481848
2.547144714471447
2.54995499549955
2.552035203520352
2.5515651565156516
2.5533953395339535
2.5514551455145513
2.5508350835083506
2.552935293529353
2.5523852385238524
2.552855285528553
2.5702770277027702
2.5682468246824683
2.569036903690369
2.56992699269927
2.5701470147014702
2.5712371237123715
2.571067106710671
2.56970697069707
2.572127212721272
2.5724372437243725
2.573667366736674
2.5645064506450646
2.5615061506150614
2.5613361336133615
2.5635263526352636
2.5739073907390737
2.5734273427342735
2.5725572557255725
2.575017501750175
2.575047504750475
2.573887388738874
2.574147414741474
2.5727772777277726
2.5734473447344732
2.5776177617761777
2.5656065606560654
2.5678367836783678
2.5677467746774676
2.5704170417041703
2.575167516751675
2.575357535753575
2.5755675567556757
2.574367436743674
2.5777877787778776
2.5722272227222724
2.5718671867186718
2.573307330733073
2.561416141614161
2.5704370437043704
2.5675867586758674
2.569336933693369
2.5708070807080707
2.5694469446944694
2.5686568656865685
2.569336933693369
2.568216821682168
2.5704670467046706
2.5692269226922693
2.571937193719372
2.571017101710171
2.5745274527452744
2.5772177217721772
2.5782178217821783
2.577147714771477
2.5775277527752776
2.57982798279828
2.5787078707870785
2.582658265826583
2.5804480448044806
2.5811281128112813
2.5745574557455746
2.5756375637563758
2.576267626762676
2.5838083808380836
2.581238123812381
2.5835083508350833
2.585138513851385
2.5864086408640863
2.586398639863986
2.585338533853385
2.587178717871787
2.591079107910791
2.591849184918492
2.5935693569356935
2.590949094909491
2.6000400040004
2.5984198419841986
2.600890089008901
2.601030103010301
2.602160216021602
2.603070307030703
2.604860486048605
2.6002900290029003
2.6006400640064005
2.6016401640164015
2.601920192019202
2.6003200320032005
2.6014801480148013
2.6035003500350036
2.6026602660266027
2.6027102710271026
2.597989798979898
2.6002900290029003
2.6005300530053006
2.599199919991999
2.6043104310431042
2.6017301730173017
2.6043104310431042
2.6114511451145113
2.610731073107311
2.6125212521252124
2.6152915291529153
2.613651365136514
2.6134613461346134
2.6127612761276127
2.6127112711271128
2.6116111611161115
2.6126412641264127
2.610801080108011
2.611311131113111
2.6127612761276127
2.612791279127913
2.6126012601260125
2.612221222122212
2.61031103110311
2.6087908790879086
2.6105510551055104
2.6096609660966097
2.6129712971297128
2.614271427142714
2.6135713571357138
2.6116011601160114
2.613101310131013
2.615631563156316
2.614081408140814
2.615991599159916
2.6152915291529153
2.6174217421742174
2.614871487148715
2.616181618161816
2.6146914691469147
2.616891689168917
2.6154215421542153
2.6158015801580157
2.6158715871587157
2.611881188118812
2.6136213621362137
2.615261526152615
2.616071607160716
2.6163516351635163
2.6193519351935195
2.6192719271927194
2.618921892189219
2.6205520552055206
2.6183318331833183
2.6193819381938193
2.616021602160216
2.6157915791579156
2.6153615361536153
2.6155715571557154
2.615771577157716
2.614791479147915
2.615771577157716
2.6165416541654167
2.619081908190819
2.617051705170517
2.6185618561856185
2.617021702170217
2.617001700170017
2.617941794179418
2.620732073207321
2.620942094209421
2.622412241224122
2.622122212221222
2.622782278227823
2.621012101210121
2.62004200420042
2.6205520552055206
2.6186918691869185
2.6186918691869185
2.6196819681968195
2.617981798179818
2.616771677167717
2.6172717271727173
2.616691669166917
2.6158115811581157
2.618301830183018
2.619101910191019
2.6163916391639166
2.6185118511851186
2.6166316631663165
2.614711471147115
2.617261726172617
2.617911791179118
2.6194719471947194
2.620722072207221
2.619371937193719
2.6182718271827183
2.6184018401840183
2.618801880188019
2.6184318431843185
2.6192119211921194
2.620862086208621
2.6217321732173215
2.6193519351935195
2.616041604160416
2.6185818581858187
2.6196519651965198
2.619301930193019
2.620972097209721
2.6205420542054205
2.621852185218522
2.6215521552155217
2.6233223322332235
2.623272327232723
2.624012401240124
2.622862286228623
2.624012401240124
2.6234423442344235
