1234567890
1.8999099909991
1000
1.8988998899889988
2000
1.8985298529852985
3000
1.8982698269826983
4000
1.897899789978998
5000
1.8979097909790978
6000
1.8977497749774976
7000
1.8976197619761976
8000
1.8982098209820981
9000
1.8987498749874987
10000
1.8989398939893989
11000
1.8997799779977997
12000
1.9015701570157015
13000
1.903130313031303
14000
1.9053305330533052
15000
1.9073107310731072
16000
1.9095409540954096
17000
1.9135213521352135
18000
1.9185818581858185
19000
1.923892389238924
20000
1.9315531553155316
21000
1.9378237823782378
22000
1.9433843384338434
23000
2.0273227322732272
24000
2.0332333233323334
25000
2.039063906390639
26000
2.045574557455746
27000
2.05037503750375
28000
2.0571357135713573
29000
1.9943094309430942
30000
2.0027402740274027
31000
2.0116211621162114
32000
2.0186318631863185
33000
2.0273927392739273
34000
2.034313431343134
35000
2.109010901090109
36000
2.1184618461846183
37000
2.2447344734473447
38000
2.187068706870687
39000
2.1922392239223925
40000
2.2467746774677466
41000
2.2998399839984
42000
2.2972997299729974
43000
2.297969796979698
44000
2.298999899989999
45000
2.247964796479648
46000
2.2487648764876487
47000
2.297979797979798
48000
2.2955895589558954
49000
2.2965796579657964
50000
2.3440744074407442
51000
2.343324332433243
52000
2.3418241824182418
53000
2.344044404440444
54000
2.3816781678167818
55000
2.379267926792679
56000
2.378207820782078
57000
2.3528552855285527
58000
2.3491649164916493
59000
2.344824482448245
60000
2.3465746574657467
61000
2.351115111511151
62000
2.3481848184818483
63000
2.345934593459346
64000
2.3444944494449445
65000
2.3444144414441443
66000
2.342994299429943
67000
2.3416041604160416
68000
2.3665366536653667
69000
2.3882388238823884
70000
2.383738373837384
71000
2.3826282628262825
72000
2.398939893989399
73000
2.3936893689368937
74000
2.366336633663366
75000
2.3625162516251623
76000
2.360936093609361
77000
2.356875687568757
78000
2.3503450345034502
79000
2.34994499449945
80000
2.3442044204420442
81000
2.3437943794379437
82000
2.3432343234323434
83000
2.340884088408841
84000
2.318131813181318
85000
2.3163816381638163
86000
2.3119511951195117
87000
2.2927592759275925
88000
2.292249224922492
89000
2.3092609260926094
90000
2.3093509350935095
91000
2.308810881088109
92000
2.3084008400840084
93000
2.307900790079008
94000
2.318781878187819
95000
2.316971697169717
96000
2.3155315531553153
97000
2.3155115511551156
98000
2.3135413541354137
99000
2.316871687168717
100000
2.317231723172317
101000
2.317791779177918
102000
2.3187318731873185
103000
2.331923192319232
104000
2.33002300230023
105000
2.3292729272927293
106000
2.3273227322732275
107000
2.328072807280728
108000
2.329192919291929
109000
2.3284128412841283
110000
2.32974297429743
111000
2.328832883288329
112000
2.328982898289829
113000
2.328262826282628
114000
2.33012301230123
115000
2.3273627362736273
116000
2.3264026402640265
117000
2.3273827382738275
118000
2.326922692269227
119000
2.326642664266427
120000
2.3268026802680266
121000
2.326792679267927
122000
2.3274327432743274
123000
2.327192719271927
124000
2.328952895289529
125000
2.3203620362036204
126000
2.328062806280628
127000
2.3278827882788278
128000
2.3292129212921293
129000
2.32991299129913
130000
2.3292029202920292
131000
2.327972797279728
132000
2.3274527452745275
133000
2.326712671267127
134000
2.3284928492849284
135000
2.3295229522952297
136000
2.3284428442844285
137000
2.326832683268327
138000
2.3243224322432243
139000
2.3245724572457247
140000
2.33017301730173
141000
2.32996299629963
142000
2.3282928292829284
143000
2.330873087308731
144000
2.332653265326533
145000
2.332153215321532
146000
2.3305630563056305
147000
2.3315131513151317
148000
2.3326232623262326
149000
2.332943294329433
150000
2.324932493249325
151000
2.3234923492349235
152000
2.3216021602160217
153000
2.32997299729973
154000
2.330893089308931
155000
2.332843284328433
156000
2.3325432543254325
157000
2.335103510351035
158000
2.3357835783578356
159000
2.337943794379438
160000
2.34014401440144
161000
2.3373037303730375
162000
2.339143914391439
163000
2.337153715371537
164000
2.337903790379038
165000
2.3357135713571355
166000
2.3364336433643365
167000
2.337983798379838
168000
2.338073807380738
169000
2.3385738573857386
170000
2.3357935793579356
171000
2.336243624362436
172000
2.32990299029903
173000
2.3318231823182316
174000
2.335003500350035
175000
2.3357135713571355
176000
2.3362736273627362
177000
2.3366336633663365
178000
2.337603760376038
179000
2.335853585358536
180000
2.3363836383638366
181000
2.335693569356936
182000
2.3357435743574357
183000
2.333273327332733
184000
2.3354535453545355
185000
2.3365636563656365
186000
2.3374737473747373
187000
2.336913691369137
188000
2.339043904390439
189000
2.3377837783778377
190000
2.338723872387239
191000
2.3414841484148416
192000
2.3392739273927394
193000
2.3392739273927394
194000
2.339163916391639
195000
2.338853885388539
196000
2.338743874387439
197000
2.3382138213821384
198000
2.335923592359236
199000
2.3355635563556354
200000
2.3346034603460346
201000
2.3335833583358334
202000
2.3333133313331333
203000
2.3333933393339334
204000
2.335953595359536
205000
2.3367836783678366
206000
2.3355835583558355
207000
2.3376337633763375
208000
2.335053505350535
209000
2.3356035603560357
210000
2.3361536153615363
211000
2.3375837583758377
212000
2.3395339533953394
213000
2.3375937593759377
214000
2.3376337633763375
215000
2.338143814381438
216000
2.3366336633663365
217000
2.3374637463746373
218000
2.34020402040204
219000
2.3371437143714373
220000
2.337863786378638
221000
2.337903790379038
222000
2.3387738773877387
223000
2.3362736273627362
224000
2.3414741474147416
225000
2.3435643564356434
226000
2.3426242624262428
227000
2.342134213421342
228000
2.3418241824182418
229000
2.3442744274427443
230000
2.344094409440944
231000
2.3447244724472447
232000
2.3461846184618462
233000
2.3487348734873486
234000
2.3484048404840485
235000
2.347854785478548
236000
2.3464846484648465
237000
2.347224722472247
238000
2.346794679467947
239000
2.346924692469247
240000
2.347974797479748
241000
2.3444244424442444
242000
2.3462746274627464
243000
2.3454045404540453
244000
2.347714771477148
245000
2.3498149814981497
246000
2.3477047704770477
247000
2.35013501350135
248000
2.3510851085108513
249000
2.351175117511751
250000
2.351975197519752
251000
2.353175317531753
252000
2.354165416541654
253000
2.3514851485148514
254000
2.350935093509351
255000
2.35033503350335
256000
2.3491749174917493
257000
2.3493149314931494
258000
2.3477747774777478
259000
2.3462846284628465
260000
2.347944794479448
261000
2.347924792479248
262000
2.3454145414541454
263000
2.346744674467447
264000
2.347024702470247
265000
2.347854785478548
266000
2.3466946694669466
267000
2.3444844484448444
268000
2.3466346634663466
269000
2.344024402440244
270000
2.344184418441844
271000
2.344914491449145
272000
2.344684468446845
273000
2.3456245624562455
274000
2.345054505450545
275000
2.3463346334633464
276000
2.3443344334433442
277000
2.344194419441944
278000
2.344164416441644
279000
2.343844384438444
280000
2.343964396439644
281000
2.345124512451245
282000
2.3427242724272426
283000
2.343944394439444
284000
2.3419541954195418
285000
2.3425342534253426
286000
2.3425442544254427
287000
2.3454045404540453
288000
2.3428142814281427
289000
2.3422542254225425
290000
2.3443744374437445
291000
2.344044404440444
292000
2.344934493449345
293000
2.3457845784578457
294000
2.3442944294429444
295000
2.343404340434043
296000
2.344904490449045
297000
2.344314431443144
298000
2.3415941594159415
299000
2.343274327432743
299999
