0.999
0.3086273494522094
0.3134597391313207
0.33283713465460474
0.32460045683620253
0.32593984164238754
0.3281167558154818
0.32313791976659956
0.3193456011381937
0.31224318905236276
0.3041436315425814
0.29710847809582286
0.2882725773952672
0.27839292534925714
0.26861095479710834
0.25765921004867587
0.24739986416660553
0.23808930932282035
0.22708962159488763
0.21734341270049706
0.20671419214370818
0.19224864527951557
0.18295867823043602
0.17339527853194325
0.1642826645276394
0.15576591281205535
0.14718637412278132
0.13710619723451153
0.12894688136077784
0.12111121956245716
0.11433524120442913
0.10742392334745
0.10132552371275333
0.09381791128425222
0.08764239857478992
0.08164572451779573
0.07617701033611982
0.07142702602052649
0.06686088788304773
0.06233662279012354
0.058151144416971466
0.05409060258758603
0.049176755020276415
0.04561576489807246
0.04221170986948288
0.03944850622282046
0.03679379864010335
0.03471957607713411
0.03222225107201283
0.029721728199886926
0.028001803993558193
0.026363612606521248
0.02452953050406066
0.023266457598889408
0.02184931204270975
0.0209747293230567
0.01961006297908636
0.018494928430676405
0.017445987360369394
0.01651946506287461
0.015570470170056753
0.014786269463385869
0.01418673833871942
0.013378707555420493
0.012803177236101549
0.012335503440628122
0.011961383263737654
0.011723347629305497
0.0111638574225631
0.010919011438116204
0.010461141714092303
0.010293585439658949
0.010057719231521307
0.009804232232161219
0.00952821867412055
0.009375333635056899
0.0092844365192274
0.00916360570593109
0.008916963897660165
0.008768338391698433
0.00878851556089923
0.008524171670417179
0.00845761555473262
0.008328141820633473
0.00818062743206156
0.00809248296827185
0.00810077753162205
0.008041815821340349
0.007986860338328102
0.008042785346497137
0.008006592124395643
0.008108321534220222
0.008016153509533126
0.007927270500379892
0.007878937571146381
0.007891342788335299
0.007924245439019439
0.007857988597075257
0.00789254822184241
0.00778428462010911
0.0076988504492802425
0.007695174413321497
0.0077608272903616216
0.0076445889388877565
0.007619793645955574
0.00755573544085564
0.0074896302775921365
0.00744782584611364
0.007488513296617333
0.007381198622044987
0.007349548082207125
0.007358079594329931
0.007318318085688922
0.007436833547007645
0.007266605672549553
0.007244220928822734
0.007275252560398084
0.007363653143394822
0.007333300017896707
0.007279247928877684
0.007233597439305255
0.007240631404348897
0.0072160808223841215
0.007226856070736209
0.007287175982254308
0.007237224586269061
0.007145892185072083
0.007105435746623035
0.007069431805662723
0.007007738055869516
0.007001122586133617
0.006959781587483454
0.006974335742019479
0.0070001663412452226
0.006875441897657194
0.006944771191216743
0.00706481936778886
0.007069908677410523
0.007105801552288206
0.00697355165723736
0.006946693715664443
0.006910159684092855
0.007080842230463775
0.0070375316017543535
0.006950898876440928
0.00688463255579552
0.006891957706725251
0.006896031117260112
0.006720649153915024
0.006762397115418972
0.006721340597977206
0.00668053319017659
0.006713733403858963
0.006671184300300094
0.006591539809758431
0.006600777180412362
0.0067487889945573405
0.00674962626537003
0.006718527632251036
0.006690135975206857
0.006595360020252187
0.0066366468932866855
0.00668579627605401
0.0066531611107583126
0.006696596164092715
0.006649583118406332
0.0066737170540384395
0.006722592275376662
0.00672875765975395
0.006649390291045189
0.006614445183152467
0.006809183766236264
0.006731431071654557
0.0067607261409499695
0.006728343542109393
0.0065731071293591535
0.006592988881426261
0.006555237667323032
0.006590079105269385
0.006613260325985145
0.006683721552343646
0.00653933210625793
0.0065554889270412605
0.006648655658673649
0.006547004844976639
0.006538118394526991
0.006497278013504708
0.006492267904245461
0.006417805925508729
0.006437803531673217
0.006448724005408364
0.006386916886603534
0.006446189876322869
0.006509459699835473
0.0065213211206330704
0.006435231736579947
0.006419725891241896
0.006521071987616753
0.006577775641265628
0.006586324044634356
0.006665271190299513
0.006555623717148337
0.006544783397798287
0.006435716901921027
0.006393147792104211
0.006486435438792255
0.006421365760839946
0.006449413549201559
0.006494632311348706
0.0064637492784665514
0.006438050800427155
0.006443277749445929
0.006453778789043709
0.006396017394494939
0.006447366125216951
0.006385622009410933
0.006464397921937386
0.006410927351629516
0.006373319681328714
0.006402015177889665
0.006418266186724482
0.006462063416009975
0.006464694068086359
0.006388604964722821
0.006490964129969327
0.006486961653578199
0.0064623625050502205
0.006418559790097903
0.0064051381570046795
0.006430681480006698
0.006283989620621672
0.006350327525179909
0.0062547768044391334
0.0062478960505369125
0.006341155294119113
0.0063102493518775804
0.006298808474374708
0.006294710218646242
0.006338527299013177
0.006387063514972428
0.006416362726603938
0.006363182136289485
0.006343531496890089
0.006243348061592432
0.006274488603935311
0.006327776079875653
0.006306408693452581
0.006345368997618505
0.006301621394129575
0.006389246891600804
0.006369231106918232
0.006399832579056249
0.006345483432777522
0.006346617734697127
0.006312446079313295
0.006336546534622518
0.0063105335831454236
0.0062893544066764525
0.006313236125323518
0.006309487332256913
0.006314809338554947
0.0063335358862949016
0.006366106507307329
0.006321109134104324
0.0063477345078852155
0.006211394395594811
0.006216390791669998
0.006244700069192602
0.0062440553364083015
0.006241379117332055
0.006261752401163985
0.0062022309948326524
0.00616047726799259
0.006286977477361942
0.0062151688953558555
0.00623430837029375
0.006275086266232291
0.006309071686940776
0.006253605827261897
0.00630593710292788
0.006224442768249631
0.006155842152610634
0.006157533692444669
0.006165342471575477
0.006222369851369651
0.006260229643424041
0.0061868149101823675
0.006235577671537684
0.00630306461758046
0.006215971806828448
0.0061585692939129955
0.006167042776000759
0.006236912936220679
0.006231360905477832
0.0061855617969211185
0.006193996649406875
0.006273641032109417
0.006310331363762238
0.0062526523909900425
0.006183146660032926
