0.999
0.24601369866981473
0.24313620005478023
0.2585638427640696
0.2564321902976921
0.260197956029919
0.26500673628654275
0.2649888486908027
0.2667598846375973
0.26533566349079174
0.26503893407327234
0.2641032721419891
0.26132152079949283
0.25917188651182804
0.25597624325236795
0.25181977128099575
0.24676602676434725
0.24163351622771495
0.2375532316458713
0.23179379287853766
0.2270555250764297
0.21859324573105213
0.21260926329087648
0.2063152945706976
0.2009594145088712
0.19520479429573998
0.18939684299482673
0.18274062950192851
0.17713508525298016
0.17118479463243086
0.16549153659533977
0.15978401203518833
0.15403762348175493
0.1486264897751759
0.14256981893245768
0.13677990946398438
0.13096110592561283
0.12649821563690933
0.12186797414940767
0.11702358746441335
0.11246328507195905
0.10845682226407814
0.10378538373121748
0.09967337868444641
0.09589648456220157
0.09196725182428361
0.08801368534238077
0.08438227930920941
0.08071330798428393
0.07693015985035356
0.07361775819174675
0.07062262594094494
0.06742056650296352
0.06461152998395686
0.061870290913719435
0.05944856774510756
0.05659547251332073
0.054148558680309114
0.05164177790383425
0.049281373997235166
0.04721817585574963
0.04533772152630391
0.0436094867791154
0.04156513529680546
0.040054267517809945
0.03819582703891081
0.036635762355978034
0.03499631195480821
0.03346325083096671
0.03225468154615875
0.030772795091650335
0.029671364011549486
0.028661473213791783
0.027466232886036508
0.026367545835539075
0.025574101367186287
0.024814627277626247
0.024032626735630475
0.0231499249163594
0.02242907071180274
0.021927442752403156
0.021274421875717608
0.02064973680107571
0.02003816278573542
0.019517858028173875
0.019067268391593197
0.01868902867985613
0.01835239628782797
0.017937726102885562
0.017543578432113075
0.017242796256778322
0.017006268329858517
0.01667967851838491
0.016403765106945346
0.016150008185978136
0.015790902397813455
0.015640992385475134
0.01538093258731883
0.015116288269228806
0.014803645560366466
0.014605112383497605
0.014354946174452477
0.014237362535974279
0.014081204545052038
0.01394918802163235
0.013862137895896522
0.013670650885245057
0.013610317393267762
0.013503132390520384
0.013497700781352238
0.013375069909697756
0.01325075005732385
0.013245869322263938
0.013098072127300133
0.013063277650840898
0.012990964725429049
0.01296859673981569
0.012882534460653202
0.012833109860916216
0.012817960451551466
0.012785481825947102
0.012708699824180448
0.012670434252268239
0.012564505496844538
0.012530013804644224
0.012443053366489404
0.012378400796322006
0.012300926135567275
0.012272844014063861
0.01224356703926591
0.012226012019196385
0.012110229004873274
0.012108163825066747
0.012070763329392914
0.012108150032283202
0.012072912695310654
0.012049516637311786
0.012008823653383563
0.011940288787325542
0.011969844521313874
0.011930666423725353
0.011881890938898054
0.011892548516910226
0.011911888707166817
0.011884654776606428
0.011851615848525029
0.011833159555982497
0.011807816402384628
0.011809083303878686
0.011779885826586976
0.011801112906379368
0.011709878479327784
0.011750053737427615
0.011705333954107458
0.011697784729506564
0.011699187355619107
0.01168131508720159
0.011660105106364777
0.011647420775192343
0.011596446822311203
0.011588837082404482
0.011537527102847955
0.011496465287768555
0.011496119343421402
0.011500493515125613
0.011536110122696602
0.011527600047030797
0.011538176965442997
0.011512566407729794
0.011414620230539218
0.011389169192660665
0.011393180540098443
0.011366338978245473
0.011372200615161154
0.011377634571508281
0.011349293102535801
0.011386050984900812
0.011366737112697846
0.011341431896584066
0.011311866423258155
0.011343335657153859
0.011329227758239694
0.011327115263743479
0.011305426643744277
0.011294972562035498
0.011292484803467366
0.011285215342294604
0.011283303903367785
0.011253447729342463
0.011271221946779611
0.011274859971179134
0.011273071286221967
0.011247835984364275
0.011206108628096805
0.011145059952740663
0.01117539985956351
0.011111539383972992
0.011135093635282055
0.011162217352782802
0.011158949035978276
0.01112229686226276
0.01112159572134177
0.011072052780799783
0.011032794788495002
0.011021350996499575
0.01103790669569387
0.011024972278692265
0.011011258703976365
0.011032580350564722
0.011043956277808768
0.011065185952535582
0.01105098626402781
0.011011639970350491
0.010977592363496606
0.01095691218896889
0.010963097325181952
0.010945035797873634
0.010910052827778785
0.01092600634927205
0.01089486253517481
0.010903658304657256
0.010884806201797345
0.010842671370697589
0.01083556026879974
0.010847816689837541
0.010882532606448912
0.010874577201389067
0.010852340867889363
0.010810681175538843
0.010807778955665474
0.010804777189686424
0.010831449958837462
0.010820522807566431
0.010867191572386973
0.010845282438240645
0.010828428419116184
0.010794223417472274
0.010765634452922388
0.010786322152343328
0.010817788201898096
0.010784767105333406
0.010740993505869968
0.010730878611004342
0.010671577339663578
0.010688902255334115
0.010638078481919397
0.010674165342454323
0.010667625899629316
0.010655510196555914
0.010625411765279738
0.010677100377719309
0.010674049112208046
0.010697893835314186
0.010707451315944956
0.010715840745676056
0.010681912344213548
0.010692199723967526
0.010727880957955307
0.010749406084381274
0.010758200591071116
0.010725518552146592
0.010705632140298906
0.01073976775350602
0.01076874996443052
0.01074218011759232
0.010770522800653671
0.010806070585806814
0.010736279932270415
0.010751419505546646
0.010708606840594704
0.010670230664783759
0.01057663846457332
0.01058919709833558
0.010579711432242338
0.010564430609747924
0.010548660641344122
0.010577979847641899
0.01060414886873541
0.010636437400397577
0.010611525643956923
0.010668487843016784
0.010632062525168727
0.01061130413409836
0.010544621733280213
0.010587587688818392
0.010555666793984867
0.010532218090025762
0.010583591468821894
0.010579329497418207
0.010581399832438871
0.01055836615543722
0.010534304879408174
0.010556081267114423
0.010539656681348554
0.010529531091304003
0.010509666569294395
0.010484287155203236
0.010525044422265392
0.0104996680535255
0.010493696707295974
