0
0
0
0
0
0
0
0
0
0
0
0
0
0
0
0
1
1
1
4
4
12
23
28
47
62
70
89
109
121
182
170
189
230
268
250
244
261
293
282
336
242
292
295
286
264
259
244
229
237
226
229
229
227
193
177
198
180
163
160
169
145
143
116
116
98
114
87
103
93
75
93
67
76
79
56
63
53
44
46
49
36
31
37
42
26
24
20
22
21
19
24
13
16
12
16
17
7
11
6
11
12
10
4
11
3
6
1
6
2
5
1
5
2
3
1
2
4
3
1
2
0
2
1
0
2
0
0
0
1
1
0
1
0
1
1
0
0
0
0
0
0
0
0
1
0
0
1
0
0
0
0
0
0
0
0
0
0
0
0
0
0
0
0
0
0
0
0
0
0
0
0
0
0
0
0
0
0
0
0
0
0
0
0
0
0
0
0
0
0
0
0
0
0
0
0
0
0
0
0
