1.8999099909991
1.8988698869886989
1.8987798779877987
1.8984198419841984
1.8995299529952996
1.9005400540054005
1.9025002500250026
1.905140514051405
1.9103010301030103
1.916141614161416
1.9233123312331233
1.932953295329533
1.9441544154415442
1.9552755275527554
1.9660866086608662
1.977037703770377
1.9907290729072906
2.004090409040904
2.0173517351735173
2.0315731573157314
2.045164516451645
2.0606660666066605
2.0803880388038802
2.0983298329832984
2.1134513451345134
2.195939593959396
2.271037103710371
2.2799679967996798
2.2916991699169915
2.301040104010401
2.3052305230523054
2.3122512251225125
2.3221322132213222
2.3308530853085307
2.395939593959396
2.3555255525552554
2.3645164516451644
2.368676867686769
2.4176117611761176
2.382988298829883
2.387068706870687
2.390829082908291
2.3958795879587957
2.442334233423342
2.447144714471447
2.450875087508751
2.4917591759175917
2.498019801980198
2.498079807980798
2.498869886988699
2.5324932493249324
2.496009600960096
2.4969196919691967
2.5015801580158015
2.503110311031103
2.504750475047505
2.506160616061606
2.5073107310731073
2.534153415341534
2.5325332533253326
2.5304630463046305
2.532753275327533
2.534093409340934
2.536233623362336
2.5596259625962596
2.56004600460046
2.5596859685968596
2.5573957395739573
2.558075807580758
2.557105710571057
2.5575357535753573
2.5605560556055607
2.596309630963096
2.6136113611361136
2.613211321132113
2.6143714371437143
2.6116411641164117
2.612081208120812
2.6087808780878086
2.610801080108011
2.6103010301030105
2.6088008800880087
2.6114411441144116
2.6092209220922093
2.60994099409941
2.57967796779678
2.594389438943894
2.5953595359535955
2.5986098609860986
2.597649764976498
2.5988898889888987
2.598649864986499
2.5972697269726974
2.5815981598159814
2.5855485548554857
2.5726472647264726
2.5751075107510752
2.575857585758576
2.5758075807580756
2.575277527752775
2.5762976297629763
2.5817181718171818
2.580668066806681
2.585028502850285
2.586118611861186
2.5875187518751877
2.5893989398939894
2.5792679267926792
2.577837783778378
2.588098809880988
2.5897789778977898
2.5914691469146915
2.58995899589959
2.59016901690169
2.5914091409140916
2.593909390939094
2.604300430043004
2.6046204620462046
2.602900290029003
2.6062306230623062
2.604040404040404
2.6022802280228023
2.6036903690369035
2.6011601160116014
2.602980298029803
2.601810181018102
2.6023502350235024
2.603920392039204
2.605940594059406
2.605840584058406
2.6066606660666065
2.608260826082608
2.6063306330633065
2.60991099109911
2.6086408640864085
2.6114311431143116
2.611971197119712
2.612921292129213
2.612081208120812
2.6117111711171117
2.611071107110711
2.612881288128813
2.6203420342034205
2.62005200520052
2.618791879187919
2.6196719671967195
2.6206420642064208
2.61999199919992
2.6186318631863186
2.62016201620162
2.6214821482148216
2.622132213221322
2.621152115211521
2.6207620762076207
2.621992199219922
2.6144114411441146
2.617251725172517
2.6166416641664165
2.6103710371037105
2.608690869086909
2.6163116311631165
2.617931793179318
2.6181918191819182
2.6152915291529153
2.6145814581458144
2.613711371137114
2.6153215321532155
2.616621662166217
2.616101610161016
2.614831483148315
2.6213821382138214
2.6223622362236223
2.622412241224122
2.6218121812181217
2.6173717371737175
2.617021702170217
2.616891689168917
2.6182918291829185
2.616831683168317
2.617251725172517
2.6242824282428243
2.6246024602460247
2.622902290229023
2.6235623562356234
2.623202320232023
2.6237223722372236
2.625742574257426
2.6247224722472247
2.6262626262626263
2.6244324432443245
2.622972297229723
2.6225222522252225
2.621122112211221
2.621702170217022
2.622192219221922
2.6252825282528254
2.626742674267427
2.6252825282528254
2.6204020402040205
2.622632263226323
2.6275227522752274
2.6223922392239225
2.6223922392239225
2.6245724572457245
2.625182518251825
2.626052605260526
2.624052405240524
2.6225522552255227
2.6241524152415243
2.626822682268227
2.627152715271527
2.629222922292229
2.625882588258826
2.627292729272927
2.6267526752675265
2.6262126212621264
2.6242924292429244
2.6253325332533253
2.625812581258126
2.6252025202520253
2.625902590259026
2.6243424342434243
2.6235223522352236
2.6248524852485247
2.622262226222622
2.624262426242624
2.6271927192719273
2.625992599259926
2.6263526352635265
2.63026302630263
2.628782878287829
2.6298829882988297
2.6277427742774275
2.627162716271627
2.628212821282128
2.6295929592959295
2.625902590259026
2.6241424142414242
2.626872687268727
2.6265026502650266
2.6268526852685268
2.625802580258026
2.625002500250025
2.6284328432843282
2.626222622262226
2.6285828582858284
2.6270527052705273
2.6287328732873285
2.6312431243124315
2.6334133413341334
2.6336533653365337
2.6343334333433344
2.6333533353335334
2.629022902290229
2.6295629562956297
2.631983198319832
2.632823282328233
2.6306230623062308
2.6333933393339333
2.6324832483248324
2.6334333433343335
2.6334833483348334
2.6344534453445343
2.634043404340434
2.6335833583358337
2.6336333633363336
2.635873587358736
2.6324232423242324
2.6325832583258326
2.632753275327533
2.6336833683368335
2.6342734273427344
2.6357635763576357
2.636723672367237
2.636283628362836
2.637033703370337
2.6373537353735372
2.6344334433443346
2.6353235323532354
2.6341234123412343
2.6324932493249324
2.6354635463546354
2.633183318331833
2.633753375337534
2.6351835183518353
2.631823182318232
2.631993199319932
2.6353235323532354
2.635023502350235
2.635173517351735
2.6381638163816383
2.6375537553755377
2.635983598359836
2.6357435743574356
2.6373137313731374
2.637003700370037
2.6383138313831385
2.6375337533753376
2.636003600360036
2.635993599359936
