1.8999099909991
1.8986298629862985
1.8981498149814982
1.897989798979898
1.8975597559755975
1.8976397639763976
1.8975697569756975
1.8979797979797979
1.897959795979598
1.8981898189818982
1.8983898389838985
1.8992799279927992
1.8998799879988
1.9007600760076007
1.903000300030003
1.9054105410541053
1.9091909190919092
1.9132413241324133
1.9164616461646165
1.92004200420042
1.9261026102610261
1.9303730373037304
1.936133613361336
2.019001900190019
2.024862486248625
1.9564356435643564
1.9631563156315632
1.9686268626862686
1.9751875187518753
1.9827882788278828
1.987938793879388
1.9954995499549955
2.005240524052405
2.0142014201420144
2.0215821582158218
2.089138913891389
2.0953295329532953
2.101120112011201
2.1075307530753076
2.1141614161416142
2.119021902190219
2.124612461246125
2.1714071407140714
2.2205420542054206
2.223162316231623
2.222962296229623
2.222092209220922
2.228072807280728
2.227782778277828
2.228902890289029
2.233033303330333
2.2347534753475347
2.314051405140514
2.3487448744874486
2.319001900190019
2.317041704170417
2.3793279327932795
2.344804480448045
2.3411841184118414
2.336023602360236
2.333223322332233
2.333723372337234
2.3078507850785077
2.308090809080908
2.3137213721372136
2.311941194119412
2.307930793079308
2.3033303330333035
2.3000900090009
2.2942694269426944
2.2942694269426944
2.244024402440244
2.2637063706370637
2.2641864186418643
2.262676267626763
2.263176317631763
2.277147714771477
2.276807680768077
2.274767476747675
2.2896689668966896
2.256855685568557
2.2576857685768577
2.2732373237323733
2.2725972597259725
2.2723972397239725
2.271917191719172
2.2703370337033704
2.268006800680068
2.2658265826582658
2.265646564656466
2.265006500650065
2.264066406640664
2.262226222622262
2.2465246524652467
2.2453645364536454
2.2464346434643465
2.2464646464646463
2.246384638463846
2.246024602460246
2.246324632463246
2.2436643664366436
2.244934493449345
2.2485848584858488
2.2481848184818483
2.2505450545054506
2.2500350035003502
2.25012501250125
2.24972497249725
2.2447344734473447
2.2437343734373436
2.2457045704570455
2.2534453445344536
2.2622762276227624
2.253895389538954
2.256045604560456
2.256365636563656
2.25005500550055
2.2602260226022604
2.258045804580458
2.25985598559856
2.2604760476047603
2.2593859385938595
2.2602260226022604
2.2603160316031605
2.2671567156715673
2.2654465446544654
2.263936393639364
2.2663266326632665
2.275337533753375
2.2755575557555754
2.2766976697669765
2.278937893789379
2.280838083808381
2.2816581658165815
2.27965796579658
2.2839283928392837
2.2758575857585757
2.2766176617661764
2.2802380238023803
2.2796679667966795
2.2891689168916893
2.282818281828183
2.283878387838784
2.2852885288528855
2.2849184918491847
2.286718671867187
2.287428742874287
2.286718671867187
2.2884588458845885
2.288208820882088
2.2892989298929893
2.291199119911991
2.2902890289028903
2.2894589458945895
2.289118911891189
2.2896489648964895
2.2924592459245923
2.2917191719171917
2.292089208920892
2.2919291929192918
2.2903890389038906
2.28996899689969
2.2892889288928893
2.2912191219121913
2.291239123912391
2.2925392539253924
2.292149214921492
2.2935193519351937
2.287878787878788
2.289008900890089
2.288838883888389
2.2904890489048904
2.2884488448844884
2.288838883888389
2.290829082908291
2.2954695469546955
2.2974997499749974
2.297989798979898
2.2962296229622963
2.2956295629562957
2.3018201820182016
2.3027402740274026
2.3012101210121014
2.303020302030203
2.303830383038304
2.306980698069807
2.308160816081608
2.3072707270727073
2.310841084108411
2.31023102310231
2.3114711471147116
2.310651065106511
2.3124412441244124
2.31020102010201
2.3111011101110113
2.3156515651565157
2.3155715571557156
2.3143614361436144
2.314031403140314
2.3115811581158114
2.3121712171217124
2.3138613861386137
2.3133013301330134
2.3126112611261127
2.311151115111511
2.312931293129313
2.311221122112211
2.313621362136214
2.3154115411541154
2.3165016501650166
2.315971597159716
2.3144114411441143
2.3122212221222123
2.3123512351235123
2.3158415841584157
2.3147114711471146
2.314171417141714
2.3134713471347133
2.313991399139914
2.3133613361336134
2.3137313731373137
2.313981398139814
2.3124312431243124
2.306390639063906
2.307150715071507
2.3105810581058104
2.310901090109011
2.3084308430843086
2.3103010301030102
2.30991099109911
2.31009100910091
2.312071207120712
2.3104210421042106
2.313841384138414
2.3093909390939094
2.3084008400840084
2.308950895089509
2.30978097809781
2.3124212421242123
2.3104010401040105
2.309290929092909
2.31028102810281
2.3109610961096108
2.3132413241324135
2.312331233123312
2.311841184118412
2.313251325132513
2.3145014501450145
2.3155215521552157
2.316061606160616
2.3154415441544156
2.3172417241724172
2.317911791179118
2.3174717471747175
2.314681468146815
2.3169116911691168
2.3188018801880186
2.317081708170817
2.315311531153115
2.3135613561356134
2.313891389138914
2.3143014301430145
2.315001500150015
2.3135013501350135
2.3143014301430145
2.314111411141114
2.3132313231323134
2.3182318231823182
2.3176017601760175
2.3184818481848186
2.3198019801980196
2.3185318531853185
2.31969196919692
2.3206320632063204
2.32026202620262
2.318201820182018
2.31971197119712
2.3188218821882187
2.3195219521952195
2.3215121512151216
2.318711871187119
2.3197419741974197
2.3191619161916193
2.3202120212021202
2.3186618661866185
2.3177517751775176
2.3186218621862187
2.3183218321832184
2.3188018801880186
2.3162016201620164
2.3174917491749176
2.3176317631763177
2.316851685168517
2.3181718171817183
2.3217721772177216
2.323032303230323
2.3223722372237225
2.3235323532353234
2.3217121712171216
2.322062206220622
