0.0
0.12199999999999973
0.2901000000000003
0.43999999999999834
0.5762880952380945
0.6468095238095232
0.6980453102453101
0.7242580863580861
0.7536148296148297
0.7803832667332666
0.7892406704406691
0.8055218232747634
0.8139530247530229
0.820061302795109
0.8245961453665009
0.8285274674070335
0.8266622698371455
0.8278243845267208
0.820356401809181
0.8171224441804588
0.8122554138608726
0.805603325422884
0.7990005243519405
0.7993976822866111
0.7981307480777514
0.793196209231635
0.7903039747695328
0.7890930379775161
0.7909236529039031
0.7899215615049947
0.7906388510504327
0.7907660870771369
0.7889897345366309
0.7854073799907604
0.7823020611476028
0.7789431467438436
0.7795106573034633
0.772454427623321
0.7663221112497213
0.7603475456830571
0.7541895234594692
0.7505907280180029
0.7466599362281741
0.738409488736251
0.7317912882861034
0.7246269540769051
0.7183133196467065
0.7117259582316731
0.7059805854950939
0.7020331813703107
0.696398340057373
0.689805542568455
0.6798275259483872
0.6761117119142908
0.6675408994530648
0.6628032475877655
0.6525436348798733
0.6454543163873693
0.6364640953201683
0.6301964445003613
0.6206520875778091
0.6102151587767322
0.6039293946018286
0.5944122186603606
0.5851797807344779
0.5762077633776139
0.5680489410629823
0.55921733673635
0.5521417411590624
0.5445867229504502
0.5333048284622017
0.5259511984886646
0.5188615494610734
0.51037583098455
0.5024570009938789
0.49498247834937936
0.4843720532401689
0.4758820952196914
0.46836965522765645
0.4619381907502769
0.45202330002947194
0.44463607686038736
0.4345588882276969
0.4238225315687148
0.4149797428799927
0.40750953879168395
0.39953609352959296
0.39222770284216113
0.38490825630342856
0.3737781967232616
0.36439271942022716
0.35480628958861227
0.3456407081386663
0.3381703296934764
0.3311192129661936
0.32248241123588395
0.31480891459878924
0.3069843353082077
0.30117571545261695
0.2944208555628923
0.2871795035782774
0.27914830835640836
0.27214502131678675
0.26452631518351327
0.25877256143542154
0.25222026677361675
0.24612370456349522
0.24080047499794513
0.23323629177871624
0.22742245889344936
0.22181949972353732
0.21600431921048233
0.21126992595565453
0.20496696343125229
0.19997087421439683
0.19512560962505535
0.19035243156938272
0.18482062832075435
0.17998774203221568
0.1743677680222871
0.1691949443149564
0.1640736704377297
0.1595527879518978
0.15426803560524666
0.15059406009545834
0.14666554889658284
0.14191376983427184
0.1377945039667397
0.13330574457638736
0.12954781167457155
0.12623598508895567
0.12185446376198085
0.11885615009580242
0.1153430978469035
0.11251770982402272
0.10936141126885887
0.10631392956378553
0.10439048522633387
0.10083832800649001
0.09794101689700793
0.09464435543160608
0.09239076970230597
0.08995686811733833
0.08769719457299853
0.08567699890306307
0.08276358398760476
0.08005219469238523
0.07760230687962301
0.07570757804879574
0.07395768052579378
0.07174744075822018
0.06938304328907328
0.06780081060418526
0.06532129395452319
0.06404957205023125
0.0623181228408522
0.05987102857339149
0.05802531628673979
0.05647600065317816
0.05528490247895299
0.05347291495935415
0.052380213099554374
0.05109304537663283
0.04992742949999237
0.048609724180942455
0.0472287836425196
0.04608072810272857
0.04476754587071699
0.043388789102971136
0.04244510696674972
0.04107919332688716
0.03992779875476147
0.03862288108844956
0.03736718536581937
0.0361841006296766
0.03529571186369933
0.03444052579425245
0.03331828802460911
0.032173024734258523
0.031134809034139604
0.03014295929270759
0.029205897899521258
0.02848738452200915
0.027762425562605306
0.02705071511915263
0.02603526083172863
0.02538737083356117
0.024583211209331924
0.024094856291850087
0.023177930888215906
0.022616533539929803
0.02197803670329852
0.021263654928370363
0.0205219610869896
0.020051437317014028
0.01951374221346015
0.018888027187454
0.01846601732980951
0.017963773187291407
0.01743844139095368
0.016866219992061563
0.016526993205500756
0.015834041546687605
0.015385084567661245
0.014869857511962778
0.014553859632188302
0.014120228384547105
0.013808834097581399
0.013241953176289203
0.01290708550534656
0.012710153091354277
0.012282875248531184
0.011993192683980244
0.011647059766853173
0.011274516254137348
0.011081032144794388
0.010597381964645575
0.010375719091593101
0.010138272419221163
0.009823932863024349
0.009519547613501657
0.009240391611072579
0.00898575851620372
0.008951547903062934
0.00871184941811645
0.008454974329833954
0.00829599721960602
0.008105070364828378
0.007925960553919049
0.0077008671180462795
0.007686520675034656
0.007462968131129543
0.007355050292482815
0.007223954182362326
0.007092444424983158
0.0069850641094398366
0.006882810824728097
0.006795803873855496
0.006726654538324459
0.006568451140033027
0.006613995499690738
0.006569238084065768
0.006440113767374236
0.006391879850206804
0.006410077066776047
0.006320853690999517
0.006301231697824225
0.00633331106622239
0.006325604196173415
0.00630416696879324
0.00636054626725193
0.006359101384953729
0.006346386802982989
0.006263853619770486
0.006202028032255824
0.006123781163939932
0.006144162003610909
0.006183412961237179
0.006164203599719682
0.006176646395407521
0.006106712526870547
0.00613590309254029
0.0060692136299320245
0.006006778334433902
0.006088256905078154
0.006026692183827034
0.006113785679164291
0.006029936292210978
0.0059783569444429
0.006043600052206451
0.006057807084487518
0.006047693320029194
0.006102101234875921
0.006083792706644843
0.006083749235761164
0.006103548974702992
0.006128584384498687
0.006143092951434624
0.00621379049558045
0.006185286016775757
0.00615968088555639
0.006102374329290461
0.0061054894382838835
0.006179648282340769
0.006126556298385413
0.00617162931931866
0.006088144988021241
0.006096938446727519
0.006013646982497083
0.006025209048313829
0.006066931559897471
0.0061055663067728794
0.006119958502218297
0.0060850569445464135
0.006046716711684576
0.006153067006376855
0.00615701689689688
0.0061218683775407035
0.0061859888564534974
0.0061010729950411345
