0.0
0.12199999999999973
0.2901000000000003
0.43979999999999847
0.5751499999999992
0.6450611111111109
0.6971699134199137
0.724735281385281
0.7529621878121882
0.7764417693417699
0.7876443861693863
0.8042232128982132
0.8122610306360303
0.8215764869117814
0.8258373612885218
0.836385862652549
0.8388785080046862
0.8387660221648962
0.8387519839757773
0.8320298684929585
0.8286328510678337
0.8228723473392008
0.8195867121021236
0.8136587217879163
0.807261084095381
0.805903022792817
0.8021661454192975
0.7943219410075808
0.787897933156228
0.7807847066906852
0.7790779381129691
0.7731347852981351
0.7637583022912077
0.7590217536063096
0.7549284726587725
0.7539182381372065
0.7492108308414499
0.7475303236020512
0.7429961838702711
0.7383458771086949
0.7331185438241004
0.7304440536691632
0.7249026230641326
0.7204782752823187
0.7173228983511736
0.7126026098481302
0.7084317412353687
0.7035434942771466
0.7028345149261805
0.6993826603108417
0.6977775432220237
0.6961984040436907
0.6948484766266041
0.6937497193988459
0.6897708108813957
0.6868575099933786
0.6840603688569346
0.682967527446537
0.6808446864880796
0.6797326872211155
0.6766862045634262
0.6745161302623377
0.6721929746281294
0.6679781966418412
0.6645332685024333
0.6610395606809432
0.6584694278598177
0.6569883294745554
0.6539524483768224
0.6495352764342239
0.6479889979144783
0.6445219027994202
0.6414235794998944
0.6393219993597358
0.6358447840763679
0.6313973698155501
0.6268248448130578
0.6227240451175056
0.6165406964913138
0.6125298014944975
0.6080638856831414
0.6037618418033242
0.5975272157379741
0.5905731554636562
0.5852423119486774
0.5793246121656693
0.5717740105439038
0.5655180624286376
0.5603761686065376
0.5534727708669069
0.5469790951273656
0.5413984778606296
0.5352025546177366
0.5304342270632063
0.5239626956538375
0.5169891308633606
0.511827946434831
0.5047782832257358
0.498927167233456
0.49278879585982793
0.4853104479332502
0.48025907756375313
0.4717975080099861
0.46477638924540365
0.46037927772606263
0.45625682562652053
0.45129935875011246
0.4454817263153006
0.4399710286958513
0.43404737194635773
0.4275762979558371
0.4217216195278632
0.41485581285952927
0.4089245101288729
0.40293081308671236
0.3955968479501332
0.3892951070261423
0.38420510154607823
0.37858058690133634
0.37356961558035795
0.36702749204142476
0.3611495146093862
0.355807315703047
0.3503475133013207
0.34530306363211233
0.3407559816243003
0.334958018712621
0.3296228224933331
0.3240835261828759
0.3176828372315275
0.31056814540161465
0.3047781476287447
0.29941533793501335
0.2951421739190403
0.2905758783369629
0.2849412145231998
0.2799264251620198
0.27624492904753656
0.27224397482381374
0.26652143065348466
0.26212849342159145
0.25771488704657936
0.2521719746194187
0.24767005468935513
0.24404017130685596
0.24033560508790003
0.2353792892129146
0.23133393070661715
0.22716913765610405
0.22331957773921687
0.21947236473612794
0.21562096134791128
0.21114311246459785
0.20676811021037608
0.20325056459135124
0.19932178463136183
0.19537196673893506
0.19249489109335335
0.1890317861065476
0.18618361643866474
0.18282135332318053
0.17989705566791508
0.1770315784308039
0.17450901955872544
0.17156024326768005
0.16849066964380455
0.16546001002081576
0.1621788824967732
0.1588849893170217
0.15611813235336533
0.15356032263997732
0.15103446303137838
0.1478841840724902
0.14523202821994835
0.14217370318926792
0.13928974567300823
0.13706653873163288
0.13435939609798483
0.13197070548183418
0.1301451319259193
0.12815695839902308
0.12586437592536245
0.12377790218141467
0.12143198429468985
0.11940242781924965
0.11730318711296066
0.115221072649383
0.11331048890483526
0.1110592242161776
0.10907824107784043
0.10677439912358452
0.10472201453211022
0.10282871929331501
0.10105285691861993
0.09925556303204756
0.09751241778147056
0.09587817592248879
0.09371632649751474
0.09181543076644409
0.09005024764770003
0.08810139415247019
0.08668263240762236
0.08484461916716875
0.08361034306993055
0.08236905552893287
0.08096195617822782
0.07971701851962353
0.0782297332667457
0.07674465189049325
0.07512082767077805
0.07379171393575573
0.07238696210760387
0.07132175905575683
0.07000258052535364
0.06863807658560858
0.06753279915742502
0.06616696929296181
0.06504954526088258
0.06406173002101075
0.06280221427010078
0.06148414133784108
0.060115332238378234
0.059053690803200276
0.05777726916761295
0.056852272419433664
0.055623767468276
0.05454338072224943
0.05368709977776824
0.05288035914442216
0.051875001738689065
0.051067896794168
0.050161488844729867
0.04927207315783085
0.04859296398514769
0.0477609676439812
0.046750312142452996
0.04576911828672204
0.044847106884119116
0.0440608228622459
0.04336779787208634
0.042583021115673206
0.04190743091284508
0.0412283651976298
0.04038664379831308
0.039627319939500104
0.03868403133928889
0.037877766445188206
0.03720034001685069
0.03661491284734195
0.03595247182201775
0.03532924560563519
0.03472280134708135
0.03414518743297909
0.03351212052694552
0.033014660000580356
0.03254338195569476
0.03209046229857586
0.031512798808978996
0.030956001729109534
0.03045977191952729
0.029947074882493777
0.029458243641480145
0.02903968890992188
0.028576129490468664
0.028005733799691568
0.027614737999974378
0.027035533205107234
0.026630501476131416
0.02618953176770376
0.025751100921783315
0.025296739396738058
0.024966852651299432
0.02464415418114825
0.02422577134845068
0.023782745672894488
0.023438063734446832
0.02316627839775736
0.022876960204470425
0.022611899148433458
0.022337489895237872
0.02209213005508165
0.02175101060246422
0.02149908514047922
0.02121639260197111
0.020999029517653128
0.02070257559758317
0.020553479888077895
0.020284049379722936
0.020006414289599792
0.019838588709671173
0.01963540358869569
0.01942971875494442
0.019130077480768542
0.018807531618742507
0.018581669119826883
0.018345995815404397
0.01823009286255661
0.018028005450910795
0.01778299979955833
0.01758416135556117
