2500.2500250025
2329.748314831483
2006.0995399539954
1740.1373337333732
1520.968216821682
1354.0763276327632
1208.7016201620163
1081.5871187118712
976.267096709671
891.2926392639264
793.7572157215722
730.6929392939294
672.4717871787178
615.3048104810481
571.7275727572758
529.1000200020002
487.4826482648265
460.33255325532554
429.75466546654667
401.03609360936093
371.84760476047603
347.78281828182816
324.85812581258125
304.6755275527553
285.9088908890889
269.3398539853985
254.66036603660365
239.7849584958496
227.34173417341734
215.7163616361636
203.65676567656766
193.56975697569757
181.91800180018
170.95447544754475
161.2996899689969
154.5913691369137
145.1032103210321
139.24141414141414
131.98463846384638
126.73986398639865
121.54133413341334
115.1019501950195
109.12865286528653
104.11726172617261
101.22007200720073
96.25492549254926
90.60796079607961
87.13628362836283
84.31579157915792
81.54544454445444
78.38297829782978
76.45696569656965
73.98249824982499
71.66633663366336
68.33172317231723
66.57435743574358
63.92425242524252
62.044444444444444
59.75566556655666
57.38018801880188
54.17026702670267
52.133753375337534
50.592029202920294
48.88635863586359
47.697159715971594
45.82836283628363
44.07793779377938
42.694649464946494
42.01631163116311
39.596099609960994
38.28140814081408
37.57557755775578
36.15252525252525
35.12175217521752
33.95424542454246
33.28829882988299
32.247324732473245
31.34734473447345
29.974157415741573
29.016581658165816
28.608720872087208
27.59127912791279
27.154115411541156
25.582158215821583
25.044454445444543
24.4008400840084
23.8006700670067
23.084558455845585
22.507210721072106
22.063996399639965
21.046664666466647
20.84067406740674
20.37831783178318
19.583888388838883
19.084018401840183
18.696059605960595
18.25171517151715
17.335523552355234
16.565536553655367
16.51256125612561
16.15265526552655
15.683278327832783
15.109120912091209
14.654895489548954
14.112091209120912
13.854255425542554
13.32026202620262
12.93057305730573
12.839273927392739
12.454635463546355
12.252795279527954
11.95977597759776
11.772817281728173
11.57982798279828
11.26045604560456
11.045984598459846
10.570767076707671
10.383548354835483
10.194849484948495
9.702950295029503
9.51969196919692
9.301550155015502
9.258365836583659
9.008990899089909
8.758095809580958
8.556995699569956
8.465466546654666
8.197209720972097
7.973827382738274
7.791229122912291
7.630793079307931
7.43065306530653
7.3155615561556155
7.12962296229623
6.918001800180018
6.871917191719172
6.71984198419842
6.578767876787679
6.4742974297429745
6.42014201420142
6.33924392439244
6.101510151015101
5.982408240824083
5.821452145214521
5.722152215221522
5.634793479347935
5.528542854285429
5.428412841284128
5.381078107810781
5.275937593759376
5.187978797879788
5.078977897789779
5.027592759275928
4.971047104710471
4.812471247124712
4.7684968496849685
4.645834583458345
4.568046804680468
4.5177717771777175
4.452125212521252
4.3803180318031805
4.326462646264626
4.243484348434843
4.180888088808881
4.144084408440844
4.062126212621262
4.002560256025602
3.9287928792879288
3.876007600760076
3.8446244624462445
3.797629762976298
3.7576357635763578
3.7193719371937193
3.64980498049805
3.580818081808181
3.5466246624662467
3.514141414141414
3.477777777777778
3.444734473447345
3.4132913291329134
3.3775677567756777
3.348064806480648
3.317781778177818
3.2842984298429845
3.236033603360336
3.19019901990199
3.1665166516651664
3.149154915491549
3.1307130713071305
3.1065306530653065
3.0774277427742773
3.056395639563956
3.0306930693069307
3.0104710471047103
2.9888488848884887
2.973877387738774
2.956035603560356
2.934013401340134
2.9116511651165116
2.898999899989999
2.8762676267626763
2.8517251725172517
2.836873687368737
2.811151115111511
2.795919591959196
2.785898589858986
2.770807080708071
2.761806180618062
2.757705770577058
2.7506150615061506
2.744834483448345
2.741944194419442
2.738393839383938
2.7354135413541356
2.730903090309031
2.73032303230323
2.7286528652865285
2.726952695269527
2.7263226322632264
2.7226622662266227
2.7184518451845183
2.7172117211721174
2.7146514651465146
2.716891689168917
2.7116411641164118
2.712051205120512
2.7103610361036106
2.7084308430843085
2.7066806680668067
2.704780478047805
2.703880388038804
2.7031803180318033
2.7006600660066007
2.6998799879988
2.698009800980098
2.696859685968597
2.6986898689868988
2.6963796379637963
2.6976597659765975
2.6948294829482946
2.6968296829682967
2.694249424942494
2.694249424942494
2.6958195819581956
2.6943594359435945
2.692619261926193
2.6924992499249925
2.691629162916292
2.6915091509150915
2.692759275927593
2.6917991799179917
2.691819181918192
2.6895189518951894
2.6933493349334934
2.6905990599059906
2.688028802880288
2.6919391939193917
2.691959195919592
2.6893089308930893
2.688658865886589
2.6886388638863887
2.6878487848784878
2.689018901890189
2.69013901390139
2.69033903390339
2.689208920892089
2.6912391239123914
2.691119111911191
2.6884188418841886
2.6890389038903892
2.68990899089909
2.6906690669066906
2.6907490749074907
2.6927892789278927
2.6904390439043904
2.6899589958995898
2.6896289628962897
2.6905090509050904
2.690639063906391
2.68993899389939
2.6896689668966896
2.690929092909291
2.68991899189919
2.691989198919892
2.690779077907791
2.6893089308930893
2.6896689668966896
2.691759175917592
2.6900990099009903
2.6904590459045905
2.6894589458945894
2.6893189318931894
2.68989898989899
2.6913891389138915
2.6914591459145916
2.6913091309130914
2.691889188918892
2.6906890689068907
2.6909490949094907
2.6900290029002902
