2500.2500250025
2329.748314831483
2006.0995399539954
1740.4463646364636
1518.0014801480147
1350.8382738273826
1204.7505250525053
1075.9050705070506
974.6621962196219
891.9667066706671
798.7141314131413
731.1472747274728
674.2705770577057
617.1112311231124
574.0348334833483
534.1287628762876
495.61779177917794
460.06895689568955
432.8049404940494
395.58415841584156
370.4500350035004
349.4914691469147
324.67011701170117
302.33260326032604
287.0779077907791
265.86620662066207
249.72925292529254
239.37718771877186
226.77440744074408
212.69016901690168
200.95043504350434
189.84445444544454
178.91956195619562
169.11980198019802
158.08134813481348
150.7854585458546
140.37243724372436
136.16610661066107
129.0919591959196
124.36157615761576
116.63787378737874
111.10685068506851
107.97225722572257
103.3990899089909
99.1013901390139
94.511901190119
90.39067906790679
86.31283128312832
84.04681468146815
80.6944494449445
77.04730473047304
74.4051705170517
72.26127612761276
69.15043504350434
67.27816781678168
64.63249324932494
61.945614561456146
60.413681368136814
58.61582158215822
57.03850385038504
54.61831183118312
53.18139813981398
51.815731573157315
50.022232223222325
48.756745674567455
46.867286728672866
45.61948194819482
44.36988698869887
42.96720672067207
42.49109910991099
41.26299629962996
41.07149714971497
40.45130513051305
38.677457745774575
38.28352835283528
36.49635963596359
35.28985898589859
33.893899389938994
33.45038503850385
32.92779277927793
32.22402240224022
31.05083508350835
30.325352535253526
28.904700470047004
28.181488148814882
27.503950395039503
26.983518351835183
26.45833583358336
25.51732173217322
25.371157115711572
24.90823082308231
24.30948094809481
23.964236423642365
23.486908690869086
22.97088708870887
22.3991199119912
22.267376737673768
21.687838783878387
20.83273327332733
20.254135413541356
20.125362536253625
19.963946394639464
19.21951195119512
18.843914391439142
18.35800580058006
18.134203420342033
17.74938493849385
17.501900190019
16.936853685368536
16.613431343134312
16.405430543054305
15.825682568256825
15.256825682568257
15.321092109210921
15.208240824082408
15.148434843484349
14.828952895289529
14.576767676767677
14.416221622162217
13.9993099309931
13.826632663266327
13.434213421342134
13.47996799679968
12.986928692869286
12.581738173817381
12.486498649864986
12.148424842484248
11.826312631263127
11.701870187018702
11.434623462346234
11.196459645964596
10.951445144514452
10.7009200920092
10.395119511951195
10.23995399539954
10.093029302930294
9.945984598459846
9.817271727172717
9.741174117411742
9.556425642564257
9.394649464946495
9.26061606160616
9.06056605660566
9.018801880188018
8.89035903590359
8.744674467446744
8.601360136013602
8.581718171817181
8.516581658165817
8.427742774277428
8.23987398739874
8.074127412741275
8.018911891189118
7.896079607960796
7.564806480648064
7.491649164916492
7.448974897489749
7.300940094009401
7.242754275427543
7.201850185018502
7.0411741174117415
6.869026902690269
6.754345434543454
6.7000100010001
6.6187518751875185
6.561146114611462
6.3159515951595155
6.250715071507151
6.219121912191219
6.147514751475147
6.093069306930693
5.944004400440044
5.922802280228023
5.902710271027103
5.651245124512451
5.526442644264426
5.454635463546355
5.404690469046905
5.2987598759875985
5.207240724072407
5.187638763876388
5.116651665166517
5.096139613961396
5.038303830383038
4.985828582858286
4.9593659365936595
4.921492149214921
4.867866786678668
4.826552655265527
4.801380138013801
4.7137813781378135
4.692529252925293
4.5923192319231925
4.526402640264027
4.483778377837784
4.403350335033504
4.345504550455045
4.280818081808181
4.256445644564456
4.236713671367137
4.17990799079908
4.1302630263026305
4.093969396939694
4.081138113811381
4.063016301630163
4.006520652065206
3.920682068206821
3.902850285028503
3.8742174217421743
3.8192419241924194
3.76999699969997
3.7006300630063005
3.707330733073307
3.678187818781878
3.6474147414741473
3.6054105410541055
3.577887788778878
3.5478647864786477
3.5263326332633262
3.496059605960596
3.444854485448545
3.420952095209521
3.379117911791179
3.3301330133013303
3.3043604360436043
3.297339733973397
3.279107910791079
3.2474047404740474
3.219201920192019
3.2014201420142014
3.1735973597359735
3.1458045804580457
3.122762276227623
3.1005400540054007
3.073977397739774
3.062116211621162
3.0378137813781376
3.0253525352535253
3.015041504150415
3.0072607260726074
2.9846584658465845
2.973807380738074
2.958385838583858
2.944854485448545
2.9335733573357334
2.9175117511751174
2.8956695669566956
2.877917791779178
2.865106510651065
2.8424642464246426
2.832873287328733
2.808900890089009
2.791179117911791
2.7784278427842786
2.763216321632163
2.7536253625362535
2.742784278427843
2.7206620662066205
2.693979397939794
2.6766476647664765
2.6666366636663668
2.6523352335233525
2.6425142514251427
2.6333633363336335
2.6252825282528254
2.6194719471947194
2.6192619261926193
2.6066206620662067
2.598979897989799
2.5897789778977898
2.5833183318331834
2.572237223722372
2.568856885688569
2.564166416641664
2.55958595859586
2.558105810581058
2.556175617561756
2.5535453545354536
2.5461046104610463
2.541054105410541
2.539273927392739
2.531773177317732
2.526822682268227
2.5207220722072208
2.513141314131413
2.508960896089609
2.5035003500350035
2.498219821982198
2.4946394639463945
2.488678867886789
2.483868386838684
2.480838083808381
2.475667566756676
2.4714371437143714
2.4657965796579657
2.465946594659466
2.4626862686268627
2.4575657565756575
2.4536853685368536
2.4493549354935493
