2500.2500250025
1257.791599159916
720.4874587458746
479.8786778677868
359.01285128512853
285.55410541054107
232.619601960196
192.4112611261126
161.32655265526552
134.7051505150515
114.8974297429743
95.44408440844084
78.45338533853385
65.1989698969897
56.82173217321732
47.48029802980298
40.415591559155914
34.70805080508051
29.546824682468248
24.62848284828483
21.50982098209821
17.81993199319932
15.373527352735273
13.717261726172618
11.192709270927093
10.074377437743774
8.798769876987699
7.9630663066306635
6.845924592459246
6.135973597359736
5.466466646664666
5.0023202320232025
4.561156115611561
4.17041704170417
3.811221122112211
3.4863186318631865
3.215981598159816
3.053005300530053
2.8873687368736873
2.735873587358736
2.627042704270427
2.58031803180318
2.5394539453945395
2.497729772977298
2.4528352835283527
2.4241724172417243
2.43003300330033
2.4155615561556156
2.3935593559355937
2.3883888388838885
2.3973497349734973
2.3765576557655765
2.354035403540354
2.3562956295629562
2.372197219721972
2.3504750475047507
2.348214821482148
2.3533953395339533
2.3612561256125613
2.3575457545754577
2.369106910691069
2.340924092409241
2.332793279327933
2.3245124512451247
2.3133513351335133
2.3125312531253126
2.30965096509651
2.3072707270727073
2.296339633963396
2.2896889688968898
2.303090309030903
2.300740074007401
2.31010101010101
2.305950595059506
2.2985398539853987
2.273707370737074
2.283168316831683
2.286288628862886
2.268396839683968
2.263786378637864
2.2833783378337835
2.2827882788278826
2.268246824682468
2.2693369336933693
2.254995499549955
2.261026102610261
2.2543554355435544
2.263896389638964
2.2644364436443642
2.2556055605560554
2.2557755775577557
2.2275427542754276
2.2166316631663165
2.2393739373937396
2.233063306330633
2.232153215321532
2.204920492049205
2.198259825982598
2.1782178217821784
2.1877587758775876
2.186728672867287
2.1764376437643764
2.1696069606960697
2.166776677667767
2.1944494449444942
2.1880488048804883
2.184338433843384
2.1873387338733874
2.1863686368636865
2.1754575457545755
2.1835083508350834
2.187158715871587
2.173167316731673
2.1826882688268827
2.177087708770877
2.1843484348434843
2.1994599459945996
2.1731773177317733
2.167696769676968
2.181218121812181
2.151035103510351
2.1592459245924593
2.161406140614061
2.1615161516151615
2.164066406640664
2.1584358435843582
2.150725072507251
2.1545754575457545
2.148044804480448
2.1464446444644465
2.163876387638764
2.1808380838083807
2.1634563456345632
2.168826882688269
2.165226522652265
2.168936893689369
2.1496549654965498
2.1762476247624765
2.178257825782578
2.1471547154715473
2.1376037603760376
2.1398539853985397
2.1444644464446445
2.1775177517751776
2.165736573657366
2.1575257525752574
2.1794679467946794
2.1445744574457444
2.1624262426242624
2.156075607560756
2.1615461546154617
2.162166216621662
2.151095109510951
2.1595759575957594
2.1423142314231423
2.1465646564656464
2.144904490449045
2.151985198519852
2.146254625462546
2.142154215421542
2.1426042604260425
2.1322732273227323
2.1414541454145413
2.1392839283928393
2.144124412441244
2.137193719371937
2.1372937293729373
2.125682568256826
2.1405940594059407
2.147874787478748
2.1348234823482346
2.13021302130213
2.1375337533753376
2.1438243824382437
2.1346334633463346
2.145344534453445
2.146694669466947
2.141674167416742
2.143284328432843
2.131623162316232
2.129282928292829
2.1477747774777476
2.126112611261126
2.1325132513251326
2.1176617661766177
2.1328532853285327
2.126952695269527
2.14011401140114
2.1463446344634463
2.1407840784078407
2.156055605560556
2.1286628662866285
2.1357735773577358
2.133753375337534
2.1354035403540355
2.1425742574257427
2.119011901190119
2.1415741574157416
2.1402740274027403
2.1624862486248624
2.14988498849885
2.151075107510751
2.141904190419042
2.164016401640164
2.1594259425942592
2.1266326632663266
2.1302530253025305
2.142984298429843
2.146954695469547
2.1347134713471347
2.155965596559656
2.1362336233623362
2.126942694269427
2.1325232523252327
2.135023502350235
2.1274027402740274
2.1316131613161318
2.143094309430943
2.1377937793779376
2.147964796479648
2.138933893389339
2.1314631463146316
2.1192719271927194
2.124842484248425
2.1283128312831283
2.1278327832783277
2.1318631863186317
2.1254825482548254
2.1147314731473146
2.1164616461646166
2.112911291129113
2.108000800080008
2.121962196219622
2.106720672067207
2.1025702570257025
2.1244224422442244
2.1194819481948195
2.1363636363636362
2.1386738673867387
2.144874487448745
2.134933493349335
2.1431843184318433
2.1314331433143314
2.136153615361536
2.148184818481848
2.1335033503350336
2.145004500450045
2.146174617461746
2.1395339533953397
2.1330633063306332
2.1295029502950293
2.129072907290729
2.1092809280928093
2.1115011501150116
2.122272227222722
2.10989098909891
2.107850785078508
2.1043404340434044
2.0952595259525952
2.102990299029903
2.1026402640264026
2.110741074107411
2.1004400440044004
2.1080908090809083
2.1256325632563255
2.1275727572757277
2.1126012601260125
2.1109210921092108
2.1164516451645166
2.1068806880688067
2.1054705470547055
2.1166316631663165
2.114011401140114
2.13001300130013
2.135983598359836
2.126892689268927
2.120932093209321
2.1322332233223324
2.1429042904290427
2.1356035603560355
2.1471447144714473
2.1115611561156116
2.1135513551355136
2.118601860186019
2.1086608660866086
2.1257625762576255
2.130893089308931
2.11981198119812
2.1334033403340333
2.117741774177418
2.113711371137114
2.115691569156916
2.108400840084008
2.1023302330233022
2.1035703570357036
2.1032803280328034
2.1192119211921194
2.1232223222322233
2.1107810781078107