0.5528483928836787
0.6019667787916372
0.5023198748691324
0.45282494097008785
0.407517938838271
0.3697711770744671
0.3346885382440267
0.3166125504792031
0.2998890892756298
0.29699302188690807
0.282600304485961
0.27655495214107806
0.2715228053673982
0.2592040697625953
0.2545250090868348
0.24470946835619128
0.23118755072589248
0.22497225454977093
0.222863167834941
0.21723441501780733
0.21497792121593026
0.21124664197678567
0.211092326593968
0.20758479955669168
0.206956488608376
0.20688484355332393
0.20045337178658126
0.20034137240669983
0.20224683780466327
0.19785883129993154
0.2011235979626888
0.19571081107107122
0.19527491117070142
0.19967621481188194
0.19791721878674998
0.1983560628927081
0.19049259801205115
0.18879109726380533
0.1826436944658027
0.18344825385310648
0.183965147031008
0.18270663363042333
0.18363865241075633
0.18253604343656016
0.18002328681859062
0.17860719674275297
0.17711106691673761
0.17965544429856845
0.17898966078680453
0.17691722648732808
0.17287513704347898
0.16761591210238883
0.16940592779958327
0.1655202864956427
0.1670262509175192
0.16626932651359796
0.16100333289326985
0.16156692782013116
0.15659736078669345
0.1565867905948958
0.15403824226415874
0.15744615178002508
0.15532160840296297
0.15166522764207907
0.1521782969554969
0.1542818211435908
0.1529553105141862
0.15070958493005943
0.1500317836770806
0.1506457002600577
0.1490083797959869
0.14685668046523426
0.14792202048196829
0.14576490884164803
0.14500491349147
0.1453061118918847
0.14217888448406002
0.14427558343274183
0.1424797287773372
0.1404670323392541
0.1404247772350167
0.1374268714885821
0.13611348915084664
0.13667662065810277
0.13779032621600645
0.13566766636394526
0.1351984330926343
0.134050704342174
0.13300709439246097
0.13115549586877337
0.12990437923231732
0.12923307439576273
0.12825312352916746
0.12558869638658032
0.12437890520684476
0.12137559167545423
0.1266350489293849
0.12483793760681487
0.12733828075159864
0.12878348880876028
0.1293013604907961
0.12774313581586366
0.12579172831318192
0.1277153702825582
0.1238308661533515
0.12420964484966177
0.12307488014332041
0.12426791724748726
0.12562947535104793
0.12462426389016076
0.1230194519999885
0.11976755186108738
0.11958138918569748
0.12119786631781782
0.11880353524054899
0.1210036875743462
0.11878972095707599
0.1169039889286703
0.11931374785147134
0.11957792799111056
0.11692716976204583
0.11924020380393224
0.12148486828780757
0.12265514897358405
0.12167187039910048
0.12330292554786443
0.11931262615958522
0.12020362850968792
0.11702497636848257
0.11962869460564185
0.1188972182863761
0.1163946161958381
0.11714293202459934
0.11508226212046818
0.11694326454624465
0.11436226500207165
0.11311471844997957
0.11314568350959629
0.1148206273496969
0.11468597752903295
0.11384990467328863
0.11534729049932106
0.11519943876452146
0.11500123934903828
0.11494964444950709
0.11453961224580843
0.115565684194074
0.1146723914491573
0.11457712324212174
0.11301589604496069
0.11407229858201308
0.11384262953009366
0.11456592658144772
0.11339958788041857
0.11503645911567806
0.11206048436974861
0.11297563329725094
0.1133304976946204
0.11423671871740977
0.11219717100551264
0.1134221449501272
0.11183594797793489
0.11128836082361258
0.11138389245902308
0.11037790963865424
0.11082689607168549
0.11079119616084171
0.11179160251040574
0.11290749314413986
0.11371835016356795
0.11245049696044176
0.11288613321977922
0.11418598647926136
0.11549213259676515
0.11305450449107324
0.11368794502442474
0.11344768241957132
0.11484941660679136
0.11569962462369232
0.11289380377660961
0.11415477330766217
0.11273615204539425
0.11448098816336041
0.11393584779784723
0.11189351740299218
0.11257184836252976
0.11311916036312325
0.11187828381560502
0.11126390985680135
0.11096898011616058
0.11234067428023381
0.11298607935701688
0.11112449225857288
0.11077936982728841
0.11099805948837832
0.1113705073577951
0.11083923197176904
0.111208258556557
0.11086646663318382
0.11250066499820677
0.11230011856014917
0.10901727248362536
0.10875596177360249
0.109488519821775
0.10997739312137202
0.11009259914823297
0.11055528268342539
0.1089565846822514
0.10913753742162541
0.10980809911264515
0.11069165365196873
0.11063386414358492
0.10936188435225719
0.11086457262435849
0.11023941191454467
0.10905722352686055
0.11021751123146527
0.10849507633344553
0.10969292753251932
0.10940927288020305
0.11032683407563948
0.11168886974825955
0.11049247168813699
0.11038062478860634
0.11005112779510927
0.10975527398328937
0.10955457420788212
0.11062313388351384
0.11041806251504005
0.10987114155717213
0.10827373209200344
0.11018811764114349
0.11042144975295189
0.10923070942858977
0.10960139818800936
0.11103318416373957
0.10879638056016745
0.10889437348810628
0.11053390890293131
0.10862105892742038
0.10987847487624239
0.11198683830866103
0.1117925022598467
0.11030084202667241
0.1121502514999366
0.1121766024747749
0.11150735519061196
0.11310912543841174
0.11210644964647755
0.1110604689931221
0.11168273509199637
0.11058318900511022
0.11065999860164884
0.11175847342716588
0.11096981324376452
0.1111109362898753
0.11354137246293662
0.11158488353571869
0.11089640438200792
0.11362676487709347
0.11184838902207027
0.11226596942650059
0.11177982840084341
0.11241513000841259
0.11145986070509907
0.11264842342863915
0.11200450716421434
0.11133498962565946
0.11098058348934352
0.11325915724166534
0.11230895516473068
0.11248672278157582
0.11283605161931728
0.11316304395567046
0.11366575111659992
0.11369194821026035
0.11451984807177432
0.11443926229771906
0.11461992924098925
0.11400404325129723
0.11369225390752216
0.1128851058001883
0.11367664508389666
0.11412083854347438
0.11371277140277365
0.11361126248271243
0.11188521595029248
0.11322220037647218
0.11248754882702407
0.11394295717494378
0.11398069589096364
0.1143749500646692
0.11283200078696899
0.11086371389785586
0.11277701192927292
0.11318725262738806
0.11395430935053666
0.11434744102982305
