0.5339666666666675
0.7545503302253311
0.8170466178084891
0.8327326807683769
0.8357565271407617
0.8387504792283683
0.8360940471411814
0.8317000366621203
0.8178696222968094
0.8068203239933802
0.7912935810736935
0.7752486567700867
0.7562441285005563
0.7388346685236349
0.7209511231470946
0.6998171343558107
0.680410555483787
0.6553817622933323
0.6338786381801149
0.6115484341759319
0.5890840632661856
0.5649709001701393
0.5416666022797737
0.5161109744862251
0.48928994411377896
0.4639617346939509
0.4384336526988828
0.41611715081828543
0.39343393662450243
0.37054479096767867
0.35087317162312354
0.33394029654865814
0.31643256760775135
0.30139348069388533
0.2881087054699447
0.2747076969373193
0.2605819891556541
0.2471381785456029
0.23124334557638815
0.21462818220024416
0.20029392614940958
0.18586524169389876
0.17191850910401602
0.15750909656422724
0.14374854642982338
0.13273060507336004
0.12271831744978728
0.1120379586648121
0.10433158736541974
0.09730587837088456
0.09182849834748509
0.08701717083263227
0.08478047230888495
0.0833255967882974
0.08098553019574603
0.07772787937942595
0.074612013644372
0.07177341172217191
0.07092042005292143
0.069728421351471
0.06915728709058583
0.06771455791889248
0.06712868131293508
0.06656595884978256
0.0663853442336309
0.06548787923467689
0.0653633461968861
0.06511515601350419
0.06524284964103898
0.06437603218917405
0.06477208755622885
0.06431599477041491
0.06486725687992315
0.06504438642129752
0.06507285110256965
0.06522808243615494
0.06530120033844496
0.06574202033528752
0.06609115359893379
0.06590872384159961
0.06603125703106699
0.06617333535640839
0.0660893415562438
0.06640813775990055
0.06617857582254352
0.0663162413758826
0.06700528035859935
0.06694275794296814
0.06707621028604803
0.06702780128615272
0.06765057726982969
0.06727437040829004
0.06793080866789833
0.06866666319292022
0.06898082234514079
0.06928413269425654
0.06900762573709705
0.06926180274230954
0.06854418265012426
0.06892271984383917
0.0692189348419329
0.06974363882829215
0.06951092174797836
0.06939512584888985
0.06940019343607273
0.06974525099497375
0.06941565558468223
0.06959480004444644
0.06967166057637975
0.06989259071942977
0.07083759547138514
0.07019179527547739
0.07041286430655909
0.06993781281750697
0.06999499977418971
0.07022018389015422
0.07005553950252875
0.06984273447317223
0.07066964656836229
0.07038321213380232
0.07111931074563835
0.07153936853898336
0.07172858686480311
0.0721342249363436
0.07238995873282153
0.0727506917858859
0.07314327275702731
0.07290608437492595
0.07313013229127442
0.07362877132702261
0.07354142543681308
0.07395775384873161
0.07440635143178169
0.07413090103533554
0.07449702620066101
0.07484342760622537
0.07530122946373125
0.07539749389106086
0.07560338207882333
0.0760813372803406
0.07616858774491622
0.07598895057667752
0.07610877362430271
0.07616851336685439
0.07639219592900938
0.07705969513905758
0.07744661250653892
0.07735011149151812
0.07768043297574408
0.07758457401825407
0.07729889980137943
0.07699799620044534
0.07784036975825082
0.0775119200139407
0.07760319437193614
0.07722449898433663
0.0777950438760159
0.07798845153580158
0.07854449690652475
0.07866871114026905
0.07864875632569758
0.07894080952827892
0.07911768910801893
0.07937066855446655
0.07950775316403072
0.07880990967197925
0.07855857478219495
0.07913698611210976
0.07881469653460442
0.07931947533800084
0.07954890227205881
0.07990783230949279
0.0799186080988388
0.08022533512389979
0.08043740908481199
0.08031414705006798
0.08074475135233583
0.08057078786185405
0.0808214695775693
0.08007246644874524
0.0800762307253192
0.08016663424167074
0.08004611877966614
0.08062164553677817
0.08097028210952538
0.0820373409624613
0.08141575039601914
0.08146153468060269
0.08153398817114031
0.08197515099634503
0.08210556543238498
0.08185498979490055
0.08176555619214036
0.08214850101111011
0.08239607974776811
0.08248897806574682
0.08219707899332952
0.08246837727700154
0.08237185359242753
0.08275156112210699
0.08212390541811883
0.08300147501585702
0.0824640673363781
0.08345310854098976
0.08351324474194317
0.08365611511587961
0.08384136968203855
0.08385765900075265
0.08408943936313809
0.08464775894547917
0.08466378398771189
0.08466118315297651
0.0849487583240968
0.08518773883057451
0.0854533191280288
0.08493270440768955
0.08578575897167061
0.08540837748663263
0.08512353159708085
0.08469930982777421
0.0856377432355168
0.08581985658458884
0.08533925182436466
0.08545189949578205
0.0846196804188498
0.08499777261226836
0.08515195368528454
0.08578815814945936
0.08555985071308113
0.08624933767284997
0.0853686300199265
0.08648637340987747
0.08668540144828521
0.08601347336186232
0.08590863387612231
0.08665108352741772
0.0867182053590586
0.08708615997607314
0.08606180952520033
0.0865574734196751
0.08715540683119957
0.08662947220919115
0.08670585306163238
0.08698150119692483
0.08650989687111685
0.08722360754913405
0.08675915391051364
0.08758898587089138
0.08696932924377522
0.08720946223839085
0.08703723565478187
0.08708454369422552
0.08619710047162785
0.08643271757324628
0.08673346656149451
0.08753815977882207
0.087141233037321
0.08730186853701782
0.08704156248268191
0.0877611325740537
0.0874383129227928
0.08694692070668748
0.08690130152311797
0.08743461430255485
0.08727683849875091
0.08710130720609287
0.08670431953886273
0.08646707119910413
0.08703995859254024
0.08706668925775748
0.08774835315882129
0.08790031056180134
0.08761875994751941
0.08734952527544938
0.08775593393615737
0.08807780852963219
0.08789994303633994
0.08802104428118665
0.08846066718398772
0.08855368905339989
0.08860124177589575
0.0890268154460373
0.08821237170007708
0.08852299273540101
0.08851682832270093
0.08877904209279831
0.0878168258399009
0.0883063513763613
0.08869521020658949
0.08859643637712987
0.08866178144653619
0.08859894297570287
0.08821976931986873
0.08885045977882405
0.08925377389161578
0.08930240170832829
0.08919112048604899
0.08866447304723793
