0
2528
1093
413
263
169
134
95
73
74
56
65
55
43
28
35
43
24
20
34
23
30
21
22
13
28
12
16
11
28
14
13
18
16
17
19
18
12
16
13
14
9
9
16
17
10
17
18
12
9
17
17
13
13
8
10
5
6
6
11
9
7
12
10
5
7
9
13
11
4
9
8
5
8
10
6
4
10
8
5
7
10
8
3
5
7
3
5
11
3
12
6
9
4
5
7
5
4
6
2
7
10
6
4
3
7
5
4
4
3
6
4
7
4
7
4
2
3
6
3
9
1
5
6
4
2
8
5
8
2
3
7
6
5
2
3
2
2
1
3
1
4
5
6
5
3
3
4
5
4
3
0
1
6
2
8
4
8
4
3
4
6
6
6
3
2
4
1
2
1
4
1
2
1
4
1
1
4
6
3
3
6
3
2
2
7
1
5
2
3
1
2
2
3
1
2
5
1
2
1
1
1
2
2
1
5
0
2
1
1
2
5
6
3
1
0
1
3
1
2
0
5
2
1
1
4
2
3
3
1
5
3
3
1
1
0
4
1
3
4
1
3
1
1
2
2
1
0
0
0
1
1
6
1
4
2
3
4
2
7
1
2
3
1
2
3
1
2
3
2
2
0
1
0
4
1
5
2
2
2
2
2
1
4
2
1
3
4
2
3
1
0
4
1
1
0
0
3
1
1
2
2
3
2
3
1
2
2
1
1
0
3
0
2
0
1
1
1
2
1
2
1
1
1
2
0
2
0
3
5
0
2
2
1
2
2
4
2
4
3
4
0
1
1
0
1
2
1
1
2
1
0
0
1
1
2
1
2
2
2
2
1
2
2
0
2
0
0
1
1
1
1
1
2
1
1
0
1
3
1
1
3
0
1
1
0
1
1
1
1
2
1
1
2
1
1
0
0
1
1
2
0
1
2
1
1
1
0
1
0
1
2
2
3
1
2
1
4
1
1
0
3
0
2
4
1
1
1
0
1
0
2
2
1
0
2
0
1
1
0
0
2
1
0
1
1
0
1
0
1
0
1
1
2
0
1
0
0
3
1
0
1
0
3
2
1
2
1
1
0
2
1
0
1
0
1
1
2
1
1
0
0
2
0
0
2
1
0
1
0
1
0
1
1
1
1
1
2
0
0
0
2
0
0
0
1
0
0
1
1
1
1
0
0
1
2
2
1
1
1
1
1
0
1
1
0
0
2
1
0
0
2
0
0
1
0
0
1
0
0
0
2
1
0
0
0
1
0
0
1
0
0
1
1
1
1
0
0
0
1
0
1
0
0
1
0
1
2
0
1
2
2
1
1
0
0
1
1
1
1
2
0
0
0
0
1
0
1
2
2
0
0
0
0
1
3
0
0
0
2
0
0
0
0
1
3
0
1
0
0
0
1
1
1
0
0
0
1
0
0
1
1
0
0
1
1
1
0
1
0
0
3
0
0
0
0
2
0
0
1
1
0
0
0
1
1
1
0
1
1
0
0
1
1
0
1
0
2
0
0
0
1
0
2
2
1
0
1
1
1
1
1
1
1
0
1
0
0
1
1
1
0
1
2
1
1
0
0
0
0
1
0
0
0
0
1
2
1
0
1
2
0
1
0
1
0
1
0
0
0
0
1
1
0
2
1
0
2
1
0
1
0
0
0
0
3
3
0
1
0
1
1
1
0
0
4
1
0
0
1
1
0
1
1
1
0
0
0
1
1
1
0
1
0
0
1
0
1
2
0
1
0
1
1
1
1
0
1
1
0
0
0
1
0
0
0
0
1
2
0
0
0
0
0
0
0
0
0
0
0
2
0
0
0
0
0
3
1
1
1
0
0
0
0
0
0
2
0
0
3
0
1
0
0
1
1
0
2
0
0
0
0
0
0
1
0
0
0
1
0
0
3
0
1
1
1
0
1
2
1
0
0
0
0
0
0
0
1
0
0
1
0
0
0
1
1
0
0
1
0
0
0
0
0
0
0
1
0
0
1
0
0
0
0
0
0
0
0
0
0
2
0
0
0
1
1
0
0
0
0
0
1
0
0
1
0
0
0
0
1
1
0
1
0
0
0
0
0
0
0
0
0
0
0
0
3
0
1
1
0
1
0
1
0
0
0
0
0
1
0
0
0
0
0
0
0
0
1
1
1
0
1
0
1
0
0
0
0
0
1
0
1
1
0
0
0
0
0
1
1
0
0
0
0
0
0
1
0
1
0
1
2
0
0
0
0
0
0
0
0
1
0
1
0
0
0
1
0
0
1
0
0
0
0
1
3
1
0
0
0
0
0
0
0
1
0
0
0
0
0
0
0
0
0
1
0
0
0
0
1
0
0
1
1
1
0
0
0
0
1
0
0
0
0
0
0
0
0
1
1
0
0
0
0
0
0
0
2
0
0
0
0
0
0
0
1
1
1
1
1
0
1
0
0
1
0
0
0
0
0
0
0
1
0
1
1
1
0
0
1
0
1
0
0
0
0
0
1
0
0
1
0
1
0
0
0
0
0
1
0
0
0
1
0
0
0
0
1
0
0
0
0
0
0
1
0
0
0
0
0
0
0
0
0
1
0
0
0
0
0
0
0
0
0
0
0
1
0
1
0
0
0
0
0
1
0
0
0
0
0
0
0
0
0
0
0
0
0
0
0
0
0
0
0
1
0
0
0
0
0
0
0
0
0
0
0
0
0
0
0
0
0
0
0
0
0
0
0
0
0
0
0
0
0
0
0
0
0
0
0
0
0
0
0
0
0
0
0
0
1
0
0
0
0
0
0
0
0
0
0
0
0
0
0
0
0
0
0
0
0
0
0
0
0
0
0
1
0
0
0
0
0
0
1
0
0
0
1
0
0
0
0
0
0
0
0
0
0
0
0
0
0
0
0
0
0
0
0
0
0
0
0
0
0
0
0
0
0
0
0
0
0
0
0
0
0
0
0
0
0
0
0
0
0
0
0
0
0
0
0
0
1
0
0
0
0
0
0
1
0
0
0
0
0
0
1
0
0
0
0
0
0
0
0
0
0
0
0
0
0
0
0
0
0
0
0
0
0
0
0
0
0
0
0
0
0
0
0
0
0
0
0
0
0
0
0
0
0
0
0
0
0
0
1
0
0
0
0
0
0
0
0
0
0
0
0
0
0
0
0
0
0
0
0
0
0
0
0
0
0
0
0
1
0
0
0
0
0
0
0
0
0
0
0
0
0
0
0
0
0
0
0
0
0
0
0
0
0
0
0
0
0
0
0
0
0
0
0
0
0
0
0
0
0
0
0
0
0
0
0
0
0
0
0
0
0
0
0
0
0
0
0
0
0
0
0
0
0
0
0
0
0
0
0
0
0
0
0
0
0
0
0
0
0
0
0
0
0
0
0
0
0
0
0
0
0
0
1
0
0
0
0
0
0
0
0
0
0
0
0
0
0
0
0
0
0
0
0
0
0
0
0
0
0
0
0
0
0
0
0
0
0
0
0
0
0
0
0
0
0
0
0
0
0
0
0
0
0
0
0
0
0
0
0
0
0
0
0
0
0
0
0
0
0
0
0
0
0
1
0
0
0
0
0
0
0
0
0
0
0
0
0
0
0
0
0
0
0
0
0
0
0
0
0
0
0
0
0
0
1
0
0
0
0
0
0
0
0
0
0
0
0
0
0
0
0
0
0
0
0
0
0
0
0
0
0
0
0
0
0
0
0
0
0
0
0
0
0
0
0
0
0
0
0
0
0
0
0
0
0
0
0
0
0
0
0
0
0
0
0
0
0
0
0
0
0
0
0
0
0
0
0
0
0
0
1
0
0
0
0
0
0
0
1
0
0
0
0
0
0
0
0
0
0
0
0
0
0
0
0
0
0
0
0
0
0
0
0
0
0
0
0
0
0
0
0
0
0
0
0
0
0
0
0
0
0
0
0
0
0
0
0
0
0
0
0
0
0
0
0
0
0
0
0
0
0
0
0
0
0
0
0
0
0
0
0
0
0
0
0
0
0
0
0
0
0
0
0
0
0
0
0
0
0
0
0
0
0
0
0
0
0
0
0
0
0
0
0
0
0
0
0
0
0
0
0
0
0
0
0
0
0
0
0
0
0
0
0
0
0
0
0
0
0
0
0
0
0
0
0
0
0
0
0
0
0
1
