0
0
1
6
2
9
11
26
32
28
25
45
49
66
87
63
90
96
90
114
111
118
135
137
147
128
154
170
148
175
160
166
164
169
172
148
186
159
170
163
201
199
156
177
181
165
162
138
153
139
158
126
161
152
135
137
137
122
146
120
124
96
113
105
92
95
100
111
81
106
91
92
66
67
81
71
65
60
64
56
54
52
63
62
55
40
46
42
40
51
36
32
35
24
23
34
24
23
24
26
22
22
21
18
19
20
15
27
30
14
13
9
18
15
16
5
9
10
13
8
10
13
8
8
8
5
6
5
5
6
3
2
10
2
4
7
9
1
5
6
4
1
2
2
0
4
1
1
1
0
0
1
1
1
3
1
2
2
0
1
0
1
1
1
0
1
1
1
2
1
1
1
0
0
0
0
1
0
0
0
2
0
0
1
0
0
0
0
0
0
0
0
0
0
0
0
0
0
0
0
0
0
0
0
0
1
0
0
0
0
0
0
0
0
0
0
0
0
0
0
0
0
0
0
0
0
0
0
0
0
0
0
0
0
0
0
0
0
0
0
0
0
0
0
0
0
0
0
0
0
0
0
0
0
0
0
0
0
0
0
0
0
0
0
0
0
0
0
0
0
0
0
0
0
0
1
