1257.9844684468446
728.4933193319332
485.0210521052105
358.8678667866787
285.84451445144515
232.4056205620562
193.15320532053207
164.48856885688568
140.0200520052005
115.61984198419842
97.82834283428343
83.91026102610262
69.73217321732173
59.53935393539354
49.41004100410041
41.97891789178918
35.6044104410441
30.135593559355936
25.97901790179018
22.375977597759775
18.746744674467447
16.294709470947094
13.661706170617062
11.93995399539954
10.173487348734874
8.752435243524353
7.937223722372237
6.89011901190119
6.153075307530753
5.434303430343034
4.903690369036903
4.35997599759976
4.021072107210721
3.671177117711771
3.406090609060906
3.1765476547654767
3.0091709170917094
2.879037903790379
2.726042604260426
2.6497849784978498
2.595309530953095
2.5506350635063506
2.526802680268027
2.482928292829283
2.4467046704670468
2.4253025302530253
2.4255225522552255
2.416291629162916
2.3993799379937992
2.3965496549654968
2.3938093809380936
2.3952295229522953
2.3835383538353834
2.3883988398839886
2.3795179517951794
2.363716371637164
2.3585658565856584
2.348214821482148
2.3556055605560555
2.3565356535653565
2.345934593459346
2.346024602460246
2.3565556555655567
2.352025202520252
2.335913591359136
2.3447344734473448
2.3594559455945596
2.352125212521252
2.330953095309531
2.323302330233023
2.314091409140914
2.3311231123112313
2.3256725672567256
2.3295229522952297
2.3184418441844183
2.324952495249525
2.317031703170317
2.311351135113511
2.328622862286229
2.327062706270627
2.33987398739874
2.3217221722172217
2.3154215421542155
2.3217321732173217
2.3036203620362037
2.297329732973297
2.2993799379937996
2.302730273027303
2.2891689168916893
2.3145014501450145
2.307180718071807
2.298089808980898
2.3045604560456048
2.2919291929192918
2.3096909690969096
2.2846384638463846
2.278927892789279
2.282698269826983
2.290829082908291
2.287708770877088
2.318041804180418
2.3145714571457146
2.3074707470747073
2.313831383138314
2.329392939293929
2.3103010301030102
2.308010801080108
2.3106810681068106
2.304060406040604
2.3047904790479046
2.30986098609861
2.2827382738273827
2.281148114811481
2.2866386638663867
2.277927792779278
2.265096509650965
2.2481848184818483
2.25976597659766
2.264066406640664
2.2685768576857686
2.2755775577557755
2.2613461346134613
2.2565256525652564
2.2444544454445445
2.242704270427043
2.2414041404140415
2.2435743574357434
2.2396139613961394
2.2466446644664466
2.2423942394239424
2.2255425542554255
2.2344334433443342
2.230963096309631
2.236123612361236
2.2075807580758076
2.208940894089409
2.2285428542854286
2.236783678367837
2.2385438543854383
2.2304530453045306
2.195139513951395
2.192809280928093
2.192909290929093
2.2014901490149015
2.209010901090109
2.2174517451745173
2.236213621362136
2.2116411641164118
2.213861386138614
2.1937693769376936
2.193169316931693
2.1862586258625862
2.185008500850085
2.186088608860886
2.1944194419441945
2.1823082308230823
2.2007900790079007
2.1923892389238926
2.200920092009201
2.2012901290129014
2.2043704370437043
2.1924092409240923
2.2005200520052006
2.2207220722072205
2.1915391539153917
2.200990099009901
2.188038803880388
2.2015101510151016
2.198709870987099
2.191979197919792
2.1762776277627762
2.1703470347034703
2.177167716771677
2.169186918691869
2.1491249124912493
2.151785178517852
2.176027602760276
2.195099509950995
2.1907190719071905
2.1847884788478846
2.1802080208020804
2.164066406640664
2.1733473347334735
2.1773677367736775
2.178747874787479
2.1704170417041704
2.168996899689969
2.163896389638964
2.1733873387338734
2.173237323732373
2.165786578657866
2.1743974397439745
2.1734673467346735
2.16987698769877
2.175277527752775
2.164746474647465
2.170747074707471
2.165286528652865
2.171987198719872
2.1723872387238723
2.163746374637464
2.154205420542054
2.151125112511251
2.1472147214721473
2.1583858385838584
2.1627162716271626
2.169266926692669
2.1732673267326734
2.172937293729373
2.1655165516551653
2.1741674167416742
2.1682468246824684
2.1595059505950593
2.1591859185918594
2.157965796579658
2.1545154515451546
2.1635363536353633
2.16020602060206
2.1703770377037706
2.165036503650365
2.1625962596259627
2.1653365336533654
2.1761476147614762
2.179227922792279
2.1898889888988897
2.196849684968497
2.1917291729172916
2.181048104810481
2.1704970497049705
2.171997199719972
2.164066406640664
2.1566156615661565
2.157075707570757
2.162136213621362
2.1696469646964696
2.1614261426142614
2.1655665566556657
2.1537153715371535
2.136353635363536
2.137063706370637
2.135163516351635
2.1417741774177417
2.138103810381038
2.1386538653865386
2.148674867486749
2.1526052605260526
2.148024802480248
2.154905490549055
2.1348434843484347
2.1366636663666365
2.141074107410741
2.1292429242924293
2.133733373337334
2.147034703470347
2.137973797379738
2.13989398939894
2.148884888488849
2.154905490549055
2.163936393639364
2.1633563356335634
2.151905190519052
2.1546554655465546
2.1645164516451647
2.164376437643764
2.1384838483848383
2.147044704470447
2.155825582558256
2.1603860386038605
2.1535453545354537
2.153265326532653
2.153895389538954
2.150845084508451
2.1515251525152514
2.1465446544654467
2.150855085508551
2.151835183518352
2.15036503650365
2.144784478447845
2.1474447444744476
2.1402940294029404
2.1333433343334334
2.13999399939994
2.136723672367237
2.135653565356536
2.1375837583758375
2.1206720672067205
2.130843084308431
2.1319331933193317
2.1284228422842286
2.126022602260226
2.1245224522452246
2.1326632663266327
2.144924492449245
2.1534253425342533
2.151925192519252
2.1598159815981597
2.160976097609761
2.154925492549255
2.1417141714171417
