1257.9844684468446
726.8228422842284
484.73354335433544
364.03991399139915
280.8466346634663
227.66703670367036
191.2012601260126
161.69682968296829
139.72484248424843
122.6076107610761
106.8929792979298
96.63764376437643
84.31380138013802
75.2027502750275
67.23015301530152
58.915821582158216
53.50649064906491
46.96734673467347
42.30722072207221
37.82249224922492
33.64801480148015
29.694139413941393
26.736333633363337
23.9980698069807
21.583568356835684
19.145594559455947
17.36106610661066
15.656135613561355
14.147324732473248
12.96907690769077
11.747504750475047
10.517481748174818
9.7002900290029
8.532243224322432
7.980688068806881
7.136683668366837
6.647074707470747
6.080608060806081
5.675467546754676
5.236103610361036
4.874617461746174
4.543584358435844
4.28991899189919
4.0117011701170116
3.7755575557555754
3.5647664766476646
3.397879787978798
3.231973197319732
3.098279827982798
2.981238123812381
2.841074107410741
2.7802680268026805
2.693679367936794
2.627722772277228
2.583088308830883
2.5573657365736575
2.5313031303130313
2.5060506050605063
2.487848784878488
2.4684468446844683
2.445874587458746
2.432833283328333
2.426882688268827
2.4183518351835183
2.4034403440344034
2.403990399039904
2.396899689968997
2.3942494249424944
2.3872387238723873
2.3806180618061807
2.3795379537953796
2.381128112811281
2.39038903890389
2.377087708770877
2.3815481548154818
2.383938393839384
2.375757575757576
2.3805380538053806
2.37978797879788
2.382828282828283
2.3874087408740876
2.387118711871187
2.393969396939694
2.394979497949795
2.39038903890389
2.3814181418141813
2.3785578557855787
2.376167616761676
2.3865886588658864
2.3775477547754775
2.3634663466346635
2.3705070507050707
2.3691169116911692
2.3753675367536755
2.371127112711271
2.3687868786878687
2.3766076607660764
2.3706170617061706
2.3794679467946795
2.3876087608760876
2.3745674567456745
2.3802380238023804
2.3843484348434845
2.376377637763776
2.3677967796779678
2.3754175417541754
2.3664866486648664
2.3595759575957596
2.3544454445444543
2.364216421642164
2.370917091709171
2.371987198719872
2.374177417741774
2.368016801680168
2.3764976497649766
2.3788078807880786
2.379047904790479
2.3825582558255824
2.3811681168116814
2.3786778677867786
2.380858085808581
2.377237723772377
2.379027902790279
2.3653865386538655
2.3596359635963595
2.3585558555855584
2.3606260626062605
2.378357835783578
2.3815381538153817
2.378997899789979
2.376177617761776
2.376967696769677
2.3726672667266726
2.375317531753175
2.3755875587558757
2.3655465546554657
2.363926392639264
2.3734073407340732
2.3724872487248723
2.3752675267526753
2.3756175617561754
2.385128512851285
2.382818281828183
2.372637263726373
2.378087808780878
2.3907890789078907
2.3858285828582857
2.384668466846685
2.3844384438443846
2.3861686168616862
2.384158415841584
2.3914391439143916
2.392019201920192
2.3887988798879887
2.3924192419241925
2.394869486948695
2.397679767976798
2.39001900190019
2.3924692469246924
2.3853385338533855
2.378647864786479
2.376377637763776
2.38027802780278
2.3904590459045902
2.3885888588858886
2.3895189518951896
2.383038303830383
2.376157615761576
2.382248224822482
2.3864186418641866
2.3848384838483847
2.388128812881288
2.384298429842984
2.3808680868086807
2.3855185518551854
2.377167716771677
2.384798479847985
2.3850485048504853
2.3906890689068905
2.385948594859486
2.3883588358835883
2.391979197919792
2.3935193519351934
2.39004900490049
2.3953795379537954
2.397739773977398
2.3972897289728974
2.4034603460346036
2.402270227022702
2.404260426042604
2.4058605860586058
2.4036503650365035
2.4032303230323033
2.403820382038204
2.4055905590559057
2.4043704370437045
2.3972797279727973
2.3992899289928995
2.399019901990199
2.4009000900090007
2.391009100910091
2.3977097709770976
2.3896589658965897
2.3814681468146817
2.3808780878087807
2.3806380638063804
2.3797979797979796
2.3885088508850885
2.3875487548754877
2.3913891389138913
2.385158515851585
2.384068406840684
2.372887288728873
2.368016801680168
2.362096209620962
2.361946194619462
2.363966396639664
2.3563156315631564
2.3604560456045602
2.3657265726572656
2.3641864186418644
2.369166916691669
2.3706870687068706
2.3634663466346635
2.3714271427142712
2.3695969596959694
2.374087408740874
2.3675067506750676
2.362286228622862
2.362986298629863
2.3673367336733673
2.3797279727972795
2.3773477347734775
2.3786978697869787
2.382938293829383
2.3793679367936793
2.385878587858786
2.3837583758375835
2.3833883388338832
2.3845884588458848
2.3765876587658767
2.3865386538653866
2.3856185618561856
2.387998799879988
2.378007800780078
2.3763176317631762
2.381998199819982
2.38995899589959
2.386718671867187
2.3876587658765875
2.3765876587658767
2.3747274727472747
2.3773177317731773
2.376817681768177
2.3755075507550756
2.3747374737473748
2.3742874287428744
2.383168316831683
2.3808680868086807
2.3872487248724874
2.3884588458845886
2.3905490549054904
2.3894289428942894
2.39038903890389
2.3972097209720973
2.399009900990099
2.3948094809480946
2.387778777877788
2.3962996299629964
2.398309830983098
2.396019601960196
2.3984798479847984
2.4035803580358035
2.3956195619561957
2.404920492049205
2.4101810181018104
2.414031403140314
2.407170717071707
2.4094909490949097
2.4105310531053106
2.4023302330233025
2.394829482948295
2.387898789878988
2.380958095809581
2.3784578457845784
2.3805080508050804
2.39015901590159
2.387148714871487
2.3892289228922894
2.3863286328632864
2.377987798779878
2.369026902690269
2.3752775277527753
2.3880188018801882
2.389398939893989
2.3794779477947796
2.376967696769677
2.3794879487948797
2.3735273527352736
